0.000000 12.359044
0.500000 9.164393
1.000000 6.115980
1.500000 3.864937
2.000000 2.709596
2.500000 1.893463
3.000000 1.345762
3.500000 1.178466
4.000000 1.063873
4.500000 0.977917
5.000000 0.846882
5.500000 0.708407
6.000000 0.628927
6.500000 0.585065
7.000000 0.550205
7.500000 0.529606
8.000000 0.517182
8.500000 0.503564
9.000000 0.491554
9.500000 0.479635
10.000000 0.472195
10.500000 0.463606
11.000000 0.455270
11.500000 0.449115
12.000000 0.442134
12.500000 0.434740
13.000000 0.429067
13.500000 0.419399
14.000000 0.407756
14.500000 0.391727
15.000000 0.389683
15.500000 0.388260
16.000000 0.385068
16.500000 0.380360
17.000000 0.372667
17.500000 0.360473
18.000000 0.339208
18.500000 0.322512
19.000000 0.302120
19.500000 0.138200
20.000000 0.130002
20.500000 0.124146
21.000000 0.121023
21.500000 0.117119
22.000000 0.113995
