0.000000 12.804075
0.500000 9.257531
1.000000 6.788194
1.500000 5.132990
2.000000 3.929644
2.500000 3.101275
3.000000 2.569755
3.500000 2.168402
4.000000 1.911980
4.500000 1.692760
5.000000 1.418496
5.500000 1.224016
6.000000 1.095729
6.500000 0.988197
7.000000 0.907515
7.500000 0.833972
8.000000 0.792816
8.500000 0.734705
9.000000 0.702428
9.500000 0.679004
10.000000 0.643731
10.500000 0.623338
11.000000 0.608654
11.500000 0.604460
12.000000 0.584619
12.500000 0.575731
13.000000 0.552850
13.500000 0.539631
14.000000 0.529391
14.500000 0.490167
15.000000 0.462610
15.500000 0.430988
16.000000 0.403846
16.500000 0.419690
17.000000 0.400203
17.500000 0.397438
18.000000 0.393855
18.500000 0.399573
19.000000 0.385588
19.500000 0.382557
20.000000 0.384692
20.500000 0.356102
21.000000 0.329647
21.500000 0.269708
22.000000 0.279008
