0.000000 13.722310
0.500000 9.876681
1.000000 7.527695
1.500000 5.977734
2.000000 5.074680
2.500000 4.401593
3.000000 4.040179
3.500000 3.709215
4.000000 3.211668
4.500000 3.077188
5.000000 2.961861
5.500000 2.878362
6.000000 2.883736
6.500000 3.053902
7.000000 2.989142
7.500000 2.940779
8.000000 3.001130
8.500000 3.102265
9.000000 3.113977
9.500000 3.232060
10.000000 3.144152
10.500000 3.229304
11.000000 3.372465
11.500000 3.559579
12.000000 3.522652
12.500000 3.628748
13.000000 3.713073
13.500000 3.848242
14.000000 3.979552
14.500000 4.050375
15.000000 4.162395
15.500000 4.403522
16.000000 4.529045
16.500000 4.581955
17.000000 4.697834
17.500000 4.893767
18.000000 4.897762
18.500000 5.043816
19.000000 5.156663
19.500000 5.173749
20.000000 5.274609
20.500000 5.297619
21.000000 5.352320
21.500000 5.434579
22.000000 5.469301
