0.000000 12.179942
0.500000 7.509996
1.000000 5.227899
1.500000 3.947147
2.000000 3.014250
2.500000 2.601987
3.000000 2.091290
3.500000 1.731510
4.000000 1.433479
4.500000 1.172650
5.000000 1.044026
5.500000 0.870341
6.000000 0.783680
6.500000 0.738544
7.000000 0.678684
7.500000 0.615543
8.000000 0.543163
8.500000 0.495454
9.000000 0.452775
9.500000 0.429351
10.000000 0.394078
10.500000 0.373685
11.000000 0.338215
11.500000 0.313198
12.000000 0.293357
12.500000 0.263665
13.000000 0.240801
13.500000 0.227565
14.000000 0.206941
14.500000 0.219710
15.000000 0.192152
15.500000 0.181335
16.000000 0.195802
16.500000 0.170037
17.000000 0.171336
17.500000 0.168589
18.000000 0.165007
18.500000 0.149920
19.000000 0.156740
19.500000 0.153708
20.000000 0.135039
20.500000 0.127253
21.000000 0.100798
21.500000 -0.000749
22.000000 -0.012253
