0.000000 12.654235
0.500000 8.984662
1.000000 6.447883
1.500000 5.120926
2.000000 4.159187
2.500000 3.263095
3.000000 2.831258
3.500000 2.488558
4.000000 2.214015
4.500000 2.138221
5.000000 2.034631
5.500000 1.974606
6.000000 1.956506
6.500000 2.079724
7.000000 2.026701
7.500000 1.960732
8.000000 2.003477
8.500000 2.092876
9.000000 2.069376
9.500000 2.128774
10.000000 2.064340
10.500000 2.102544
11.000000 2.245704
11.500000 2.432818
12.000000 2.360680
12.500000 2.431565
13.000000 2.504153
13.500000 2.604110
14.000000 2.711947
14.500000 2.747558
15.000000 2.859578
15.500000 3.088968
16.000000 3.202754
16.500000 3.255664
17.000000 3.371543
17.500000 3.555738
18.000000 3.618420
18.500000 3.823159
19.000000 3.982954
19.500000 4.023514
20.000000 4.194796
20.500000 4.264755
21.000000 4.389879
21.500000 4.495612
22.000000 4.600757
