0.000000 11.748185
0.500000 8.632719
1.000000 5.550369
1.500000 3.027833
2.000000 2.110049
2.500000 1.474911
3.000000 1.029020
3.500000 0.861724
4.000000 0.781068
4.500000 0.695112
5.000000 0.586701
5.500000 0.470850
6.000000 0.391370
6.500000 0.347508
7.000000 0.323960
7.500000 0.314674
8.000000 0.319218
8.500000 0.311256
9.000000 0.304902
9.500000 0.287327
10.000000 0.262919
10.500000 0.271298
11.000000 0.240338
11.500000 0.256808
12.000000 0.249827
12.500000 0.253744
13.000000 0.248072
13.500000 0.238404
14.000000 0.215449
14.500000 0.222044
15.000000 0.231312
15.500000 0.218576
16.000000 0.215384
16.500000 0.221989
17.000000 0.202984
17.500000 0.168165
18.000000 0.146900
18.500000 0.152829
19.000000 0.155061
19.500000 -0.048452
20.000000 -0.062306
20.500000 -0.068162
21.000000 -0.093910
21.500000 -0.120438
22.000000 -0.112249
