0.000000 12.969904
0.500000 9.696067
1.000000 6.681590
1.500000 4.702041
2.000000 3.309144
2.500000 2.312015
3.000000 1.662504
3.500000 1.495208
4.000000 1.346679
4.500000 1.260723
5.000000 1.107063
5.500000 0.945963
6.000000 0.866483
6.500000 0.822621
7.000000 0.776449
7.500000 0.744538
8.000000 0.715146
8.500000 0.695872
9.000000 0.678205
9.500000 0.671943
10.000000 0.681471
10.500000 0.655914
11.000000 0.670202
11.500000 0.641423
12.000000 0.634442
12.500000 0.615735
13.000000 0.610063
13.500000 0.600395
14.000000 0.600064
14.500000 0.561411
15.000000 0.548054
15.500000 0.557943
16.000000 0.554751
16.500000 0.538731
17.000000 0.542350
17.500000 0.552780
18.000000 0.531515
18.500000 0.492196
19.000000 0.449179
19.500000 0.324852
20.000000 0.322309
20.500000 0.316453
21.000000 0.335955
21.500000 0.354675
22.000000 0.340240
