0.000000 14.790386
0.500000 10.768700
1.000000 8.607507
1.500000 6.834541
2.000000 5.990173
2.500000 5.540090
3.000000 5.249099
3.500000 4.929872
4.000000 4.209320
4.500000 4.016155
5.000000 3.889091
5.500000 3.782118
6.000000 3.810966
6.500000 4.028081
7.000000 3.951584
7.500000 3.920826
8.000000 3.998782
8.500000 4.111655
9.000000 4.158578
9.500000 4.335347
10.000000 4.223965
10.500000 4.356065
11.000000 4.499225
11.500000 4.686339
12.000000 4.684624
12.500000 4.825931
13.000000 4.921993
13.500000 5.092373
14.000000 5.247158
14.500000 5.353192
15.000000 5.465212
15.500000 5.718076
16.000000 5.855336
16.500000 5.908247
17.000000 6.024125
17.500000 6.231795
18.000000 6.177105
18.500000 6.264473
19.000000 6.330372
19.500000 6.323984
20.000000 6.354421
20.500000 6.330483
21.000000 6.314762
21.500000 6.373546
22.000000 6.337846
