0.000000 12.492008
0.500000 8.383763
1.000000 6.008047
1.500000 4.540068
2.000000 3.471947
2.500000 2.851631
3.000000 2.330522
3.500000 1.949956
4.000000 1.672729
4.500000 1.432705
5.000000 1.231261
5.500000 1.047178
6.000000 0.939705
6.500000 0.863371
7.000000 0.793100
7.500000 0.724757
8.000000 0.667989
8.500000 0.615079
9.000000 0.577601
9.500000 0.554178
10.000000 0.518904
10.500000 0.498512
11.000000 0.473435
11.500000 0.458829
12.000000 0.438988
12.500000 0.419698
13.000000 0.396825
13.500000 0.383598
14.000000 0.368166
14.500000 0.354938
15.000000 0.327381
15.500000 0.306162
16.000000 0.299824
16.500000 0.294863
17.000000 0.285769
17.500000 0.283014
18.000000 0.279431
18.500000 0.274746
19.000000 0.271164
19.500000 0.268133
20.000000 0.259866
20.500000 0.241678
21.000000 0.215223
21.500000 0.134480
22.000000 0.133377
