0.0 1.0
0.027777777777777776 0.9996461920011733
0.05555555555555555 0.9993125503159022
0.08333333333333333 0.9989876085540632
0.1111111111111111 0.9986678856062615
0.1388888888888889 0.998351509368062
0.16666666666666666 0.9980373902543502
0.19444444444444445 0.997724852158095
0.2222222222222222 0.9974134483352189
0.25 0.9971028666319347
0.2777777777777778 0.9967928784325716
0.3055555555555556 0.9964833097078646
0.3333333333333333 0.996174023760126
0.3611111111111111 0.9958649104621533
0.3888888888888889 0.9955558792649887
0.4166666666666667 0.9952468544819794
0.4444444444444444 0.9949377719979395
0.4722222222222222 0.9946285769004276
0.5 0.9943192217264506
0.5277777777777778 0.9940096651321313
0.5555555555555556 0.9936998708612654
0.5833333333333334 0.9933898069306735
0.6111111111111112 0.9930794449766198
0.6388888888888888 0.9927687597235286
0.6666666666666666 0.9924577285473725
0.6944444444444444 0.9921463311135825
0.7222222222222222 0.9918345490744847
0.75 0.9915223658148735
0.7777777777777778 0.9912097662369241
0.8055555555555556 0.9908967365775398
0.8333333333333334 0.9905832642526504
0.8611111111111112 0.9902693377240428
0.8888888888888888 0.9899549463851437
0.9166666666666666 0.9896400804628106
0.9444444444444444 0.9893247309327091
0.9722222222222222 0.9890088894462581
1.0 0.9886925482674633
1.0277777777777777 0.9883757002182184
1.0555555555555556 0.9880583386308883
1.0833333333333333 0.9877404573071575
1.1111111111111112 0.9874220504822919
1.1388888888888888 0.9871031127940754
1.1666666666666667 0.9867836392557994
1.1944444444444444 0.9864636252327664
1.2222222222222223 0.9861430664218451
1.25 0.985821958833676
1.2777777777777777 0.9855002987771865
1.3055555555555556 0.985178082846111
1.3333333333333333 0.9848553079072595
1.3611111111111112 0.984531971090307
1.3888888888888888 0.9842080697789024
1.4166666666666667 0.9838836016029276
1.4444444444444444 0.9835585644317515
1.4722222222222223 0.9832329563683463
1.5 0.9829067757441476
1.5277777777777777 0.9825800211145547
1.5555555555555556 0.9822526912549778
1.5833333333333333 0.9819247851573526
1.6111111111111112 0.9815963020270462
1.6388888888888888 0.9812672412800955
1.6666666666666667 0.9809376025407157
1.6944444444444444 0.9806073856390325
1.7222222222222223 0.9802765906089875
1.75 0.9799452176863831
1.7777777777777777 0.979613267307025
1.8055555555555556 0.979280740104934
1.8333333333333333 0.9789476369105988
1.8611111111111112 0.9786139587492421
1.8888888888888888 0.9782797068390796
1.9166666666666667 0.9779448825895528
1.9444444444444444 0.9776094875995169
1.9722222222222223 0.9772735236553711
2.0 0.9769369927291138
2.0277777777777777 0.9765998969763161
2.0555555555555554 0.9762622387340034
2.0833333333333335 0.9759240205184327
2.111111111111111 0.9755852450227662
2.138888888888889 0.9752459151146294
2.1666666666666665 0.9749060338335525
2.1944444444444446 0.9745656043882944
2.2222222222222223 0.9742246301540427
2.25 0.9738831146694925
2.2777777777777777 0.9735410616338032
2.3055555555555554 0.9731984749034335
2.3333333333333335 0.9728553584888567
2.361111111111111 0.972511716551159
2.388888888888889 0.9721675533985237
2.4166666666666665 0.9718228734826054
2.4444444444444446 0.9714776813947956
2.4722222222222223 0.9711319818623894
2.5 0.9707857797446556
2.5277777777777777 0.9704390800288124
2.5555555555555554 0.9700918878259237
2.5833333333333335 0.9697442083667112
2.611111111111111 0.9693960469972976
2.638888888888889 0.9690474091748842
2.6666666666666665 0.9686983004633672
2.6944444444444446 0.9683487265289061
2.7222222222222223 0.9679986931354441
2.75 0.9676482061401934
2.7777777777777777 0.9672972714890917
2.8055555555555554 0.9669458952122318
2.8333333333333335 0.9665940834192807
2.861111111111111 0.9662418422948865
2.888888888888889 0.9658891780940891
2.9166666666666665 0.9655360971377297
2.9444444444444446 0.9651826058078808
2.9722222222222223 0.9648287105432901
3.0 0.9644744178348533
3.0277777777777777 0.964119734221119
3.0555555555555554 0.9637646662838312
3.0833333333333335 0.9634092206435186
3.111111111111111 0.9630534039551302
3.138888888888889 0.9626972229037309
3.1666666666666665 0.9623406842002548
3.1944444444444446 0.9619837945773263
3.2222222222222223 0.9616265607851489
3.25 0.9612689895874719
3.2777777777777777 0.9609110877576335
3.3055555555555554 0.9605528620746865
3.3333333333333335 0.9601943193196106
3.361111111111111 0.9598354662716139
3.388888888888889 0.959476309704524
3.4166666666666665 0.9591168563832777
3.4444444444444446 0.9587571130605036
3.4722222222222223 0.9583970864732053
3.5 0.9580367833395447
3.5277777777777777 0.9576762103557275
3.5555555555555554 0.9573153741929927
3.5833333333333335 0.9569542814947033
3.611111111111111 0.9565929388735459
3.638888888888889 0.9562313529088319
3.6666666666666665 0.9558695301439069
3.6944444444444446 0.955507477083665
3.7222222222222223 0.9551452001921676
3.75 0.9547827058903677
3.7777777777777777 0.9544200005539384
3.8055555555555554 0.9540570905112067
3.8333333333333335 0.9536939820411874
3.861111111111111 0.9533306813717198
3.888888888888889 0.9529671946777062
3.9166666666666665 0.9526035280794473
3.9444444444444446 0.9522396876410751
3.9722222222222223 0.9518756793690846
4.0 0.9515115092109574
4.027777777777778 0.9511471830538761
4.055555555555555 0.9507827067235345
4.083333333333333 0.9504180859830299
4.111111111111111 0.9500533265318477
4.138888888888889 0.949688434004926
4.166666666666667 0.9493234139718051
4.194444444444445 0.9489582719358556
4.222222222222222 0.9485930133335857
4.25 0.9482276435340218
4.277777777777778 0.9478621678381646
4.305555555555555 0.9474965914785147
4.333333333333333 0.9471309196186679
4.361111111111111 0.9467651573529746
4.388888888888889 0.9463993097062668
4.416666666666667 0.9460333816336424
4.444444444444445 0.9456673780203116
4.472222222222222 0.9453013036815014
4.5 0.9449351633624103
4.527777777777778 0.9445689617382208
4.555555555555555 0.9442027034141581
4.583333333333333 0.9438363929255997
4.611111111111111 0.9434700347382291
4.638888888888889 0.9431036332482348
4.666666666666667 0.9427371927825494
4.694444444444445 0.9423707175991299
4.722222222222222 0.9420042118872752
4.75 0.9416376797679791
4.777777777777778 0.9412711252943172
4.805555555555555 0.9409045524518664
4.833333333333333 0.9405379651591536
4.861111111111111 0.9401713672681331
4.888888888888889 0.9398047625646919
4.916666666666667 0.9394381547691785
4.944444444444445 0.9390715475369547
4.972222222222222 0.9387049444589713
5.0 0.9383383490623626
5.027777777777778 0.9379717648110595
5.055555555555555 0.9376051951064208
5.083333333333333 0.9372386432878813
5.111111111111111 0.9368721126336119
5.138888888888889 0.9365056063611958
5.166666666666667 0.9361391276283159
5.194444444444445 0.935772679533453
5.222222222222222 0.9354062651165947
5.25 0.9350398873599519
5.277777777777778 0.934673549188684
5.305555555555555 0.9343072534716308
5.333333333333333 0.9339410030220502
5.361111111111111 0.9335748005983593
5.388888888888889 0.9332086489048831
5.416666666666667 0.9328425505926022
5.444444444444445 0.9324765082599056
5.472222222222222 0.9321105244533443
5.5 0.9317446016683865
5.527777777777778 0.9313787423501702
5.555555555555555 0.9310129488942611
5.583333333333333 0.930647223647404
5.611111111111111 0.9302815689082731
5.638888888888889 0.9299159869282251
5.666666666666667 0.9295504799120439
5.694444444444445 0.9291850500186846
5.722222222222222 0.9288196993620149
5.75 0.92845443001155
5.777777777777778 0.928089243993185
5.805555555555555 0.9277241432899219
5.833333333333333 0.927359129842591
5.861111111111111 0.9269942055505668
5.888888888888889 0.9266293722724798
5.916666666666667 0.926264631826919
5.944444444444445 0.9258999859931312
5.972222222222222 0.9255354365117113
6.0 0.9251709850852885
6.027777777777778 0.9248066333792009
6.055555555555555 0.9244423830221689
6.083333333333333 0.9240782356069559
6.111111111111111 0.9237141926910237
6.138888888888889 0.9233502557971819
6.166666666666667 0.9229864264142253
6.194444444444445 0.9226227059975671
6.222222222222222 0.922259095969863
6.25 0.9218955977216254
6.277777777777778 0.9215322126118329
6.305555555555555 0.9211689419685277
6.333333333333333 0.9208057870894085
6.361111111111111 0.9204427492424117
6.388888888888889 0.9200798296662863
6.416666666666667 0.9197170295711603
6.444444444444445 0.9193543501390975
6.472222222222222 0.9189917925246469
6.5 0.9186293578553848
6.527777777777778 0.9182670472324445
6.555555555555555 0.9179048617310437
6.583333333333333 0.9175428024009971
6.611111111111111 0.9171808702672272
6.638888888888889 0.91681906633026
6.666666666666667 0.9164573915667191
6.694444444444445 0.9160958469298068
6.722222222222222 0.9157344333497793
6.75 0.9153731517344139
6.777777777777778 0.9150120029694664
6.805555555555555 0.914650987919124
6.833333333333333 0.9142901074264456
6.861111111111111 0.9139293623137995
6.888888888888889 0.9135687533832894
6.916666666666667 0.9132082814171743
6.944444444444445 0.9128479471782808
6.972222222222222 0.9124877514104088
7.0 0.9121276948387279
7.027777777777778 0.9117677781701669
7.055555555555555 0.9114080020937984
7.083333333333333 0.9110483672812134
7.111111111111111 0.9106888743868905
7.138888888888889 0.9103295240485569
7.166666666666667 0.9099703168875444
7.194444444444445 0.9096112535091369
7.222222222222222 0.9092523345029115
7.25 0.9088935604430742
7.277777777777778 0.9085349318887883
7.305555555555555 0.9081764493844964
7.333333333333333 0.9078181134602349
7.361111111111111 0.9074599246319452
7.388888888888889 0.9071018834017767
7.416666666666667 0.9067439902583838
7.444444444444445 0.906386245677218
7.472222222222222 0.9060286501208132
7.5 0.9056712040390659
7.527777777777778 0.9053139078695103
7.555555555555555 0.9049567620375846
7.583333333333333 0.9045997669568983
7.611111111111111 0.9042429230294866
7.638888888888889 0.903886230646066
7.666666666666667 0.90352969018628
7.694444444444445 0.9031733020189423
7.722222222222222 0.9028170665022746
7.75 0.902460983984139
7.777777777777778 0.902105054802266
7.805555555555555 0.9017492792844773
7.833333333333333 0.9013936577489049
7.861111111111111 0.9010381905042038
7.888888888888889 0.9006828778497632
7.916666666666667 0.9003277200759102
7.944444444444445 0.8999727174641106
7.972222222222222 0.8996178702871662
8.0 0.8992631788094072
8.027777777777779 0.8989086432868787
8.055555555555555 0.8985542639675279
8.083333333333334 0.8982000410913819
8.11111111111111 0.8978459748907256
8.13888888888889 0.897492065590275
8.166666666666666 0.897138313407344
8.194444444444445 0.8967847185520126
8.222222222222221 0.8964312812272878
8.25 0.8960780016292611
8.277777777777779 0.8957248799472641
8.305555555555555 0.8953719163640225
8.333333333333334 0.8950191110557998
8.36111111111111 0.8946664641925474
8.38888888888889 0.8943139759380435
8.416666666666666 0.8939616464500331
8.444444444444445 0.8936094758803647
8.472222222222221 0.8932574643751221
8.5 0.8929056120747549
8.527777777777779 0.8925539191142072
8.555555555555555 0.8922023856230392
8.583333333333334 0.8918510117255521
8.61111111111111 0.8914997975409052
8.63888888888889 0.8911487431832334
8.666666666666666 0.890797848761761
8.694444444444445 0.8904471143809121
8.722222222222221 0.890096540140422
8.75 0.8897461261354415
8.777777777777779 0.8893958724566421
8.805555555555555 0.8890457791903186
8.833333333333334 0.8886958464184871
8.86111111111111 0.8883460742189849
8.88888888888889 0.8879964626655636
8.916666666666666 0.8876470118279846
8.944444444444445 0.8872977217721073
8.972222222222221 0.8869485925599819
9.0 0.8865996242499339
9.027777777777779 0.8862508168966499
9.055555555555555 0.8859021705512621
9.083333333333334 0.885553685261429
9.11111111111111 0.8852053610714148
9.13888888888889 0.8848571980221679
9.166666666666666 0.884509196151397
9.194444444444445 0.8841613554936458
9.222222222222221 0.883813676080365
9.25 0.8834661579399848
9.277777777777779 0.8831188010979834
9.305555555555555 0.8827716055769556
9.333333333333334 0.8824245713966796
9.36111111111111 0.8820776985741823
9.38888888888889 0.8817309871238009
9.416666666666666 0.8813844370572478
9.444444444444445 0.8810380483836702
9.472222222222221 0.8806918211097094
9.5 0.8803457552395585
9.527777777777779 0.8799998507750206
9.555555555555555 0.879654107715563
9.583333333333334 0.879308526058373
9.61111111111111 0.8789631057984083
9.63888888888889 0.8786178469284519
9.666666666666666 0.8782727494391614
9.694444444444445 0.8779278133191182
9.722222222222221 0.8775830385548766
9.75 0.8772384251310111
9.777777777777779 0.8768939730301626
9.805555555555555 0.8765496822330839
9.833333333333334 0.8762055527186832
9.86111111111111 0.8758615844640685
9.88888888888889 0.8755177774445886
9.916666666666666 0.8751741316338759
9.944444444444445 0.8748306470038857
9.972222222222221 0.8744873235249356
10.0 0.8741441611657452
10.027777777777779 0.8738011598934727
10.055555555555555 0.873458319673752
10.083333333333334 0.8731156404707295
10.11111111111111 0.8727731222470987
10.13888888888889 0.8724307649641342
10.166666666666666 0.8720885685817263
10.194444444444445 0.8717465330584139
10.222222222222221 0.8714046583514151
10.25 0.8710629444166612
10.277777777777779 0.8707213912088251
10.305555555555555 0.8703799986813523
10.333333333333334 0.8700387667864908
10.36111111111111 0.8696976954753186
10.38888888888889 0.8693567846977726
10.416666666666666 0.8690160344026756
10.444444444444445 0.868675444537764
10.472222222222221 0.8683350150497117
10.5 0.8679947458841591
10.527777777777779 0.8676546369857345
10.555555555555555 0.8673146882980817
10.583333333333334 0.8669748997638818
10.61111111111111 0.866635271324877
10.63888888888889 0.8662958029218945
10.666666666666666 0.8659564944948676
10.694444444444445 0.8656173459828573
10.722222222222221 0.8652783573240751
10.75 0.8649395284559029
10.777777777777779 0.8646008593149133
10.805555555555555 0.864262349836889
10.833333333333334 0.8639239999568437
10.86111111111111 0.8635858096090397
10.88888888888889 0.8632477787270081
10.916666666666666 0.8629099072435646
10.944444444444445 0.8625721950908293
10.972222222222221 0.8622346422002435
11.0 0.8618972485025862
11.027777777777779 0.861560013927991
11.055555555555555 0.8612229384059622
11.083333333333334 0.860886021865391
11.11111111111111 0.8605492642345707
11.13888888888889 0.8602126654412111
11.166666666666666 0.8598762254124552
11.194444444444445 0.8595399440748913
11.222222222222221 0.8592038213545692
11.25 0.8588678571770119
11.277777777777779 0.8585320514672317
11.305555555555555 0.8581964041497407
11.333333333333334 0.8578609151485657
11.36111111111111 0.8575255843872598
11.38888888888889 0.8571904117889146
11.416666666666666 0.856855397276173
11.444444444444445 0.8565205407712404
11.472222222222221 0.8561858421958962
11.5 0.8558513014715055
11.527777777777779 0.8555169185190289
11.555555555555555 0.8551826932590352
11.583333333333334 0.8548486256117096
11.61111111111111 0.854514715496866
11.63888888888889 0.8541809628339555
11.666666666666666 0.8538473675420774
11.694444444444445 0.8535139295399873
11.722222222222221 0.8531806487461081
11.75 0.8528475250785381
11.777777777777779 0.8525145584550604
11.805555555555555 0.8521817487931508
11.833333333333334 0.8518490960099878
11.86111111111111 0.8515166000224594
11.88888888888889 0.8511842607471725
11.916666666666666 0.8508520781004599
11.944444444444445 0.8505200519983888
11.972222222222221 0.850188182356768
12.0 0.8498564690911555
12.027777777777779 0.8495249121168658
12.055555555555555 0.849193511348977
12.083333333333334 0.8488622667023371
12.11111111111111 0.8485311780915724
12.13888888888889 0.8482002454310925
12.166666666666666 0.847869468635097
12.194444444444445 0.8475388476175832
12.222222222222221 0.8472083822923505
12.25 0.8468780725730078
12.277777777777779 0.8465479183729788
12.305555555555555 0.8462179196055075
12.333333333333334 0.8458880761836646
12.36111111111111 0.8455583880203528
12.38888888888889 0.8452288550283115
12.416666666666666 0.844899477120123
12.444444444444445 0.8445702542082175
12.472222222222221 0.8442411862048779
12.5 0.8439122730222438
12.527777777777779 0.8435835145723183
12.555555555555555 0.8432549107669716
12.583333333333334 0.8429264615179455
12.61111111111111 0.8425981667368573
12.63888888888889 0.8422700263352065
12.666666666666666 0.8419420402243762
12.694444444444445 0.8416142083156394
12.722222222222221 0.8412865305201621
12.75 0.8409590067490074
12.777777777777779 0.8406316369131396
12.805555555555555 0.8403044209234284
12.833333333333334 0.8399773586906518
12.86111111111111 0.8396504501255002
12.88888888888889 0.8393236951385804
12.916666666666666 0.8389970936404184
12.944444444444445 0.8386706455414626
12.972222222222221 0.8383443507520885
13.0 0.8380182091826
13.027777777777779 0.8376922207432347
13.055555555555555 0.8373663853441653
13.083333333333334 0.8370407028955035
13.11111111111111 0.8367151733073026
13.13888888888889 0.8363897964895615
13.166666666666666 0.8360645723522246
13.194444444444445 0.8357395008051887
13.222222222222221 0.8354145817583027
13.25 0.835089815121371
13.277777777777779 0.8347652008041562
13.305555555555555 0.8344407387163824
13.333333333333334 0.8341164287677357
13.36111111111111 0.8337922708678697
13.38888888888889 0.8334682649264037
13.416666666666666 0.8331444108529296
13.444444444444445 0.8328207085570102
13.472222222222221 0.8324971579481839
13.5 0.8321737589359657
13.527777777777779 0.8318505114298497
13.555555555555555 0.8315274153393115
13.583333333333334 0.8312044705738094
13.61111111111111 0.8308816770427866
13.63888888888889 0.8305590346556738
13.666666666666666 0.8302365433218902
13.694444444444445 0.8299142029508457
13.722222222222221 0.829592013451943
13.75 0.8292699747345782
13.777777777777779 0.8289480867081447
13.805555555555555 0.8286263492820317
13.833333333333334 0.8283047623656298
13.86111111111111 0.8279833258683285
13.88888888888889 0.8276620396995207
13.916666666666666 0.8273409037686027
13.944444444444445 0.8270199179849768
13.972222222222221 0.8266990822580513
14.0 0.8263783964972438
14.027777777777779 0.8260578606119803
14.055555555555555 0.825737474511699
14.083333333333334 0.8254172381058498
14.11111111111111 0.8250971513038958
14.13888888888889 0.824777214015316
14.166666666666666 0.8244574261496047
14.194444444444445 0.8241377876162737
14.222222222222221 0.8238182983248532
14.25 0.8234989581848935
14.277777777777779 0.823179767105965
14.305555555555555 0.8228607249976603
14.333333333333334 0.8225418317695949
14.36111111111111 0.8222230873314081
14.38888888888889 0.8219044915927645
14.416666666666666 0.8215860444633543
14.444444444444445 0.8212677458528946
14.472222222222221 0.8209495956711308
14.5 0.8206315938278372
14.527777777777779 0.8203137402328173
14.555555555555555 0.8199960347959057
14.583333333333334 0.8196784774269681
14.61111111111111 0.8193610680359026
14.63888888888889 0.8190438065326409
14.666666666666666 0.8187266928271482
14.694444444444445 0.8184097268294246
14.722222222222221 0.8180929084495058
14.75 0.8177762375974635
14.777777777777779 0.8174597141834065
14.805555555555555 0.8171433381174814
14.833333333333334 0.8168271093098737
14.86111111111111 0.8165110276708069
14.88888888888889 0.8161950931105448
14.916666666666666 0.8158793055393919
14.944444444444445 0.8155636648676935
14.972222222222221 0.8152481710058362
15.0 0.8149328238642495
15.027777777777779 0.8146176233534052
15.055555555555555 0.8143025693838185
15.083333333333334 0.8139876618660494
15.11111111111111 0.8136729007107015
15.13888888888889 0.8133582858284237
15.166666666666666 0.8130438171299106
15.194444444444445 0.812729494525903
15.222222222222221 0.812415317927188
15.25 0.8121012872445997
15.277777777777779 0.8117874023890205
15.305555555555555 0.8114736632713798
15.333333333333334 0.811160069802656
15.36111111111111 0.810846621893876
15.38888888888889 0.8105333194561171
15.416666666666666 0.8102201624005043
15.444444444444445 0.809907150638215
15.472222222222221 0.8095942840804753
15.5 0.8092815626385632
15.527777777777779 0.808968986223808
15.555555555555555 0.8086565547475904
15.583333333333334 0.8083442681213425
15.61111111111111 0.8080321262565503
15.63888888888889 0.8077201290647508
15.666666666666666 0.8074082764575352
15.694444444444445 0.8070965683465475
15.722222222222221 0.806785004643486
15.75 0.806473585260102
15.777777777777779 0.8061623101082017
15.805555555555555 0.8058511790996459
15.833333333333334 0.80554019214635
15.86111111111111 0.8052293491602844
15.88888888888889 0.8049186500534755
15.916666666666666 0.8046080947380047
15.944444444444445 0.8042976831260097
15.972222222222221 0.8039874151296837
16.0 0.8036772906612776
16.02777777777778 0.8033673096330975
16.055555555555557 0.8030574719575071
16.083333333333332 0.802747777546927
16.11111111111111 0.8024382263138355
16.13888888888889 0.8021288181707674
16.166666666666668 0.8018195530303166
16.194444444444443 0.8015104308051333
16.22222222222222 0.8012014514079272
16.25 0.8008926147514654
16.27777777777778 0.8005839207485739
16.305555555555557 0.8002753693121376
16.333333333333332 0.7999669603550993
16.36111111111111 0.7996586937904615
16.38888888888889 0.7993505695312854
16.416666666666668 0.7990425874906921
16.444444444444443 0.7987347475818617
16.47222222222222 0.7984270497180339
16.5 0.7981194938125081
16.52777777777778 0.7978120797786443
16.555555555555557 0.7975048075298613
16.583333333333332 0.7971976769796392
16.61111111111111 0.7968906880415174
16.63888888888889 0.7965838406290966
16.666666666666668 0.7962771346560372
16.694444444444443 0.795970570036061
16.72222222222222 0.7956641466829496
16.75 0.7953578645105468
16.77777777777778 0.795051723432756
16.805555555555557 0.7947457233635423
16.833333333333332 0.794439864216932
16.86111111111111 0.7941341459070127
16.88888888888889 0.7938285683479329
16.916666666666668 0.793523131453903
16.944444444444443 0.7932178351391946
16.97222222222222 0.792912679318141
17.0 0.7926076639051374
17.02777777777778 0.7923027888146407
17.055555555555557 0.7919980539611687
17.083333333333332 0.7916934592593028
17.11111111111111 0.7913890046236852
17.13888888888889 0.7910846899690198
17.166666666666668 0.7907805152100738
17.194444444444443 0.7904764802616757
17.22222222222222 0.7901725850387165
17.25 0.7898688294561491
17.27777777777778 0.7895652134289893
17.305555555555557 0.7892617368723148
17.333333333333332 0.7889583997012664
17.36111111111111 0.7886552018310458
17.38888888888889 0.788352143176919
17.416666666666668 0.7880492236542138
17.444444444444443 0.7877464431783205
17.47222222222222 0.7874438016646919
17.5 0.7871412990288438
17.52777777777778 0.7868389351863545
17.555555555555557 0.7865367100528652
17.583333333333332 0.7862346235440795
17.61111111111111 0.7859326755757643
17.63888888888889 0.7856308660637489
17.666666666666668 0.7853291949239256
17.694444444444443 0.7850276620722492
17.72222222222222 0.7847262674247383
17.75 0.7844250108974731
17.77777777777778 0.7841238924065983
17.805555555555557 0.7838229118683194
17.833333333333332 0.7835220691989074
17.86111111111111 0.7832213643146938
17.88888888888889 0.7829207971320751
17.916666666666668 0.7826203675675095
17.944444444444443 0.7823200755375185
17.97222222222222 0.7820199209586867
18.0 0.781719903747662
18.02777777777778 0.7814200238211546
18.055555555555557 0.7811202810959386
18.083333333333332 0.7808206754888501
18.11111111111111 0.7805212069167893
18.13888888888889 0.7802218752967185
18.166666666666668 0.7799226805456634
18.194444444444443 0.779623622580713
18.22222222222222 0.7793247013190189
18.25 0.779025916677796
18.27777777777778 0.7787272685743217
18.305555555555557 0.778428756925937
18.333333333333332 0.7781303816500458
18.36111111111111 0.7778321426641146
18.38888888888889 0.7775340398856729
18.416666666666668 0.7772360732323138
18.444444444444443 0.7769382426216929
18.47222222222222 0.7766405479715285
18.5 0.7763429891996021
18.52777777777778 0.7760455662237585
18.555555555555557 0.7757482789619049
18.583333333333332 0.7754511273320112
18.61111111111111 0.7751541112521108
18.63888888888889 0.7748572306402995
18.666666666666668 0.7745604854147361
18.694444444444443 0.7742638754936422
18.72222222222222 0.7739674007953022
18.75 0.7736710612380633
18.77777777777778 0.7733748567403355
18.805555555555557 0.7730787872205911
18.833333333333332 0.772782852597366
18.86111111111111 0.7724870527892578
18.88888888888889 0.7721913877149276
18.916666666666668 0.7718958572930987
18.944444444444443 0.771600461442557
18.97222222222222 0.7713052000821513
19.0 0.7710100731307925
19.02777777777778 0.7707150805074546
19.055555555555557 0.7704202221311739
19.083333333333332 0.7701254979210489
19.11111111111111 0.7698309077962407
19.13888888888889 0.7695364516759734
19.166666666666668 0.7692421294795327
19.194444444444443 0.7689479411262672
19.22222222222222 0.7686538865355874
19.25 0.7683599656269665
19.27777777777778 0.7680661783199402
19.305555555555557 0.7677725245341058
19.333333333333332 0.7674790041891232
19.36111111111111 0.7671856172047145
19.38888888888889 0.7668923635006637
19.416666666666668 0.7665992429968175
19.444444444444443 0.766306255613084
19.47222222222222 0.7660134012694337
19.5 0.7657206798858993
19.52777777777778 0.7654280913825753
19.555555555555557 0.765135635679618
19.583333333333332 0.7648433126972458
19.61111111111111 0.7645511223557389
19.63888888888889 0.7642590645754396
19.666666666666668 0.7639671392767517
19.694444444444443 0.7636753463801409
19.72222222222222 0.7633836858061347
19.75 0.7630921574753221
19.77777777777778 0.7628007613083541
19.805555555555557 0.762509497225943
19.833333333333332 0.7622183651488628
19.86111111111111 0.7619273649979491
19.88888888888889 0.761636496694099
19.916666666666668 0.7613457601582712
19.944444444444443 0.7610551553114854
19.97222222222222 0.7607646820748234
20.0 0.7604743403694276
20.02777777777778 0.760184130116502
20.055555555555557 0.7598940512373124
20.083333333333332 0.7596041036531848
20.11111111111111 0.7593142872855073
20.13888888888889 0.7590246020557289
20.166666666666668 0.7587350478853594
20.194444444444443 0.7584456246959698
20.22222222222222 0.7581563324091927
20.25 0.7578671709467207
20.27777777777778 0.7575781402303083
20.305555555555557 0.7572892401817702
20.333333333333332 0.7570004707229825
20.36111111111111 0.7567118317758814
20.38888888888889 0.7564233232624649
20.416666666666668 0.7561349451047907
20.444444444444443 0.755846697224978
20.47222222222222 0.755558579545206
20.5 0.7552705919877151
20.52777777777778 0.7549827344748057
20.555555555555557 0.7546950069288394
20.583333333333332 0.7544074092722373
20.61111111111111 0.7541199414274821
20.63888888888889 0.753832603317116
20.666666666666668 0.7535453948637417
20.694444444444443 0.7532583159900227
20.72222222222222 0.7529713666186819
20.75 0.7526845466725035
20.77777777777778 0.7523978560743307
20.805555555555557 0.7521112947470677
20.833333333333332 0.7518248626136785
20.86111111111111 0.7515385595971869
20.88888888888889 0.7512523856206771
20.916666666666668 0.7509663406072926
20.944444444444443 0.7506804244802379
20.97222222222222 0.750394637162776
21.0 0.7501089785782308
21.02777777777778 0.7498234486499852
21.055555555555557 0.7495380473014824
21.083333333333332 0.749252774456225
21.11111111111111 0.7489676300377751
21.13888888888889 0.7486826139697548
21.166666666666668 0.7483977261758451
21.194444444444443 0.748112966579787
21.22222222222222 0.7478283351053807
21.25 0.747543831676486
21.27777777777778 0.7472594562170216
21.305555555555557 0.7469752086509662
21.333333333333332 0.7466910889023571
21.36111111111111 0.7464070968952913
21.38888888888889 0.7461232325539243
21.416666666666668 0.7458394958024717
21.444444444444443 0.7455558865652071
21.47222222222222 0.745272404766464
21.5 0.7449890503306341
21.52777777777778 0.7447058231821688
21.555555555555557 0.7444227232455779
21.583333333333332 0.7441397504454302
21.61111111111111 0.7438569047063528
21.63888888888889 0.7435741859530326
21.666666666666668 0.7432915941102143
21.694444444444443 0.7430091291027012
21.72222222222222 0.742726790855356
21.75 0.742444579293099
21.77777777777778 0.7421624943409098
21.805555555555557 0.741880535923826
21.833333333333332 0.7415987039669434
21.86111111111111 0.741316998395417
21.88888888888889 0.7410354191344593
21.916666666666668 0.7407539661093413
21.944444444444443 0.7404726392453924
21.97222222222222 0.740191438468
22.0 0.7399103637026099
22.02777777777778 0.7396294148747251
22.055555555555557 0.7393485919099082
22.083333333333332 0.7390678947337781
22.11111111111111 0.7387873232720127
22.13888888888889 0.7385068774503474
22.166666666666668 0.7382265571945756
22.194444444444443 0.7379463624305485
22.22222222222222 0.7376662930841745
22.25 0.7373863490814208
22.27777777777778 0.7371065303483111
22.305555555555557 0.7368268368109273
22.333333333333332 0.7365472683954088
22.36111111111111 0.7362678250279526
22.38888888888889 0.7359885066348127
22.416666666666668 0.7357093131423011
22.444444444444443 0.7354302444767868
22.47222222222222 0.7351513005646959
22.5 0.7348724813325126
22.52777777777778 0.7345937867067771
22.555555555555557 0.7343152166140882
22.583333333333332 0.7340367709811005
22.61111111111111 0.7337584497345268
22.63888888888889 0.7334802528011355
22.666666666666668 0.7332021801077536
22.694444444444443 0.7329242315812641
22.72222222222222 0.732646407148607
22.75 0.7323687067367791
22.77777777777778 0.7320911302728345
22.805555555555557 0.7318136776838828
22.833333333333332 0.7315363488970922
22.86111111111111 0.7312591438396858
22.88888888888889 0.730982062438944
22.916666666666668 0.7307051046222038
22.944444444444443 0.7304282703168588
22.97222222222222 0.7301515594503586
23.0 0.7298749719502096
23.02777777777778 0.7295985077439743
23.055555555555557 0.7293221667592716
23.083333333333332 0.729045948923777
23.11111111111111 0.7287698541652217
23.13888888888889 0.7284938824113935
23.166666666666668 0.7282180335901357
23.194444444444443 0.7279423076293485
23.22222222222222 0.7276667044569874
23.25 0.7273912240010644
23.27777777777778 0.7271158661896472
23.305555555555557 0.7268406309508589
23.333333333333332 0.7265655182128795
23.36111111111111 0.726290527903944
23.38888888888889 0.7260156599523432
23.416666666666668 0.725740914286424
23.444444444444443 0.7254662908345885
23.47222222222222 0.7251917895252943
23.5 0.7249174102870554
23.52777777777778 0.7246431530484404
23.555555555555557 0.7243690177380735
23.583333333333332 0.7240950042846348
23.61111111111111 0.723821112616859
23.63888888888889 0.7235473426635369
23.666666666666668 0.7232736943535142
23.694444444444443 0.7230001676156917
23.72222222222222 0.7227267623790254
23.75 0.7224534785725265
23.77777777777778 0.7221803161252613
23.805555555555557 0.7219072749663513
23.833333333333332 0.7216343550249725
23.86111111111111 0.7213615562303561
23.88888888888889 0.7210888785117883
23.916666666666668 0.72081632179861
23.944444444444443 0.7205438860202167
23.97222222222222 0.7202715711060592
