0.0 1.0
0.027777777777777776 0.9996461920011733
0.05555555555555555 0.9993125506792301
0.08333333333333333 0.998987609394475
0.1111111111111111 0.9986678869761391
0.1388888888888889 0.9983515112978967
0.16666666666666666 0.9980373927668186
0.19444444444444445 0.9977248552706242
0.2222222222222222 0.9974134520583068
0.25 0.9971028709662967
0.2777777777777778 0.9967928833663642
0.3055555555555556 0.9964833152144914
0.3333333333333333 0.9961740297967838
0.3611111111111111 0.995864916969107
0.3888888888888889 0.9955558861654799
0.4166666666666667 0.9952468616826445
0.4444444444444444 0.9949377793896139
0.4722222222222222 0.9946285843592224
0.5 0.9943192291150139
0.5277777777777778 0.9940096723010188
0.5555555555555556 0.9936998776503712
0.5833333333333334 0.9933898131706775
0.6111111111111112 0.9930794504904272
0.6388888888888888 0.9927687643276837
0.6666666666666666 0.9924577320534325
0.6944444444444444 0.992146333329447
0.7222222222222222 0.9918345498056768
0.75 0.991522364865771
0.7777777777777778 0.9912097634119414
0.8055555555555556 0.9908967316822629
0.8333333333333334 0.990583257094925
0.8611111111111112 0.9902693281150214
0.8888888888888888 0.9899549341402912
0.9166666666666666 0.9896400654028712
0.9444444444444444 0.9893247128846392
0.9722222222222222 0.9890088682441268
1.0 0.988692523753319
1.0277777777777777 0.988375672242929
1.0555555555555556 0.9880583070549532
1.0833333333333333 0.9877404220014936
1.1111111111111112 0.9874220113289947
1.1388888888888888 0.987103069687157
1.1666666666666667 0.9867835921019044
1.1944444444444444 0.9864635739518642
1.2222222222222223 0.9861430109479019
1.25 0.985821899115306
1.2777777777777777 0.985500234778281
1.3055555555555556 0.9851780145464485
1.3333333333333333 0.9848552353030937
1.3611111111111112 0.9845318941949354
1.3888888888888888 0.9842079886232125
1.4166666666666667 0.983883516235924
1.4444444444444444 0.9835584749210592
1.4722222222222223 0.9832328628006939
1.5 0.9829066782258279
1.5277777777777777 0.9825799197718627
1.5555555555555556 0.9822525862346244
1.5833333333333333 0.9819246766268556
1.6111111111111112 0.9815961901750978
1.6388888888888888 0.9812671263169033
1.6666666666666667 0.9809374846983203
1.6944444444444444 0.9806072651715971
1.7222222222222223 0.9802764677930635
1.75 0.9799450928211461
1.7777777777777777 0.9796131407144868
1.8055555555555556 0.9792806121301246
1.8333333333333333 0.9789475079217206
1.8611111111111112 0.9786138291377959
1.8888888888888888 0.9782795770199622
1.9166666666666667 0.9779447530011246
1.9444444444444444 0.9776093587036415
1.9722222222222223 0.9772733959374237
2.0 0.9769368666979612
2.0277777777777777 0.9765997731642678
2.0555555555555554 0.9762621176967312
2.0833333333333335 0.9759239028348632
2.111111111111111 0.9755851312949418
2.138888888888889 0.975245805967541
2.1666666666666665 0.9749059299149452
2.1944444444444446 0.9745655063684414
2.2222222222222223 0.9742245387254942
2.25 0.9738830305467955
2.2777777777777777 0.9735409855531948
2.3055555555555554 0.9731984076225072
2.3333333333333335 0.9728553007862047
2.361111111111111 0.9725116692259883
2.388888888888889 0.9721675172702476
2.4166666666666665 0.9718228493904133
2.4444444444444446 0.9714776701971983
2.4722222222222223 0.9711319844367462
2.5 0.9707857969866768
2.5277777777777777 0.9704391128520456
2.5555555555555554 0.9700919371612206
2.5833333333333335 0.9697442751616767
2.611111111111111 0.9693961322157237
2.638888888888889 0.9690475137961679
2.6666666666666665 0.9686984254819158
2.6944444444444446 0.9683488729535279
2.7222222222222223 0.96799886198873
2.75 0.9676483984578873
2.7777777777777777 0.9672974883194495
2.8055555555555554 0.9669461376153775
2.8333333333333335 0.9665943524665517
2.861111111111111 0.9662421390681751
2.888888888888889 0.9658895036851791
2.9166666666666665 0.9655364526476312
2.9444444444444446 0.9651829923461612
2.9722222222222223 0.9648291292274064
3.0 0.9644748697894824
3.0277777777777777 0.9641202205774918
3.0555555555555554 0.9637651881790674
3.0833333333333335 0.9634097792199647
3.111111111111111 0.9630540003597037
3.138888888888889 0.962697858287268
3.1666666666666665 0.962341359716866
3.1944444444444446 0.9619845113837574
3.2222222222222223 0.9616273200401523
3.25 0.9612697924511838
3.2777777777777777 0.9609119353909621
3.3055555555555554 0.9605537556387114
3.3333333333333335 0.9601952599749909
3.361111111111111 0.9598364551780082
3.388888888888889 0.9594773480200253
3.4166666666666665 0.9591179452638556
3.4444444444444446 0.9587582536594644
3.4722222222222223 0.9583982799406624
3.5 0.9580380308219043
3.5277777777777777 0.957677512995189
3.5555555555555554 0.9573167331270604
3.5833333333333335 0.9569556978557171
3.611111111111111 0.9565944137882239
3.638888888888889 0.9562328874978301
3.6666666666666665 0.9558711255213923
3.6944444444444446 0.955509134356906
3.7222222222222223 0.9551469204611376
3.75 0.9547844902473676
3.7777777777777777 0.954421850083231
3.8055555555555554 0.954059006288669
3.8333333333333335 0.953695965133977
3.861111111111111 0.9533327328379588
3.888888888888889 0.9529693155661776
3.9166666666666665 0.952605719429308
3.9444444444444446 0.9522419504815851
3.9722222222222223 0.9518780147193486
4.0 0.9515139180796826
4.027777777777778 0.9511496664391446
4.055555555555555 0.9507852656125886
4.083333333333333 0.9504207213520738
4.111111111111111 0.9500560393458598
4.138888888888889 0.9496912252174878
4.166666666666667 0.9493262845249408
4.194444444444445 0.9489612227598864
4.222222222222222 0.9485960453469949
4.25 0.9482307576433344
4.277777777777778 0.9478653649378374
4.305555555555555 0.9474998724508381
4.333333333333333 0.9471342853336797
4.361111111111111 0.9467686086683843
4.388888888888889 0.9464028474673905
4.416666666666667 0.9460370066733489
4.444444444444445 0.9456710911589779
4.472222222222222 0.9453051057269769
4.5 0.944939055109993
4.527777777777778 0.9445729439706395
4.555555555555555 0.9442067769015656
4.583333333333333 0.9438405584255728
4.611111111111111 0.9434742929957778
4.638888888888889 0.943107984995818
4.666666666666667 0.9427416387400994
4.694444444444445 0.9423752584740829
4.722222222222222 0.9420088483746091
4.75 0.9416424125502569
4.777777777777778 0.9412759550417383
4.805555555555555 0.9409094798223218
4.833333333333333 0.9405429907982882
4.861111111111111 0.9401764918094127
4.888888888888889 0.9398099866294747
4.916666666666667 0.9394434789667918
4.944444444444445 0.9390769724647768
4.972222222222222 0.9387104707025168
5.0 0.9383439771953715
5.027777777777778 0.9379774953955907
5.055555555555555 0.9376110286929495
5.083333333333333 0.9372445804153972
5.111111111111111 0.9368781538297242
5.138888888888889 0.936511752142238
5.166666666666667 0.9361453784994548
5.194444444444445 0.9357790359887995
5.222222222222222 0.9354127276393172
5.25 0.935046456422391
5.277777777777778 0.9346802252524704
5.305555555555555 0.9343140369878039
5.333333333333333 0.9339478944311782
5.361111111111111 0.9335818003306617
5.388888888888889 0.9332157573803522
5.416666666666667 0.932849768221129
5.444444444444445 0.9324838354414036
5.472222222222222 0.9321179615778751
5.5 0.931752149116286
5.527777777777778 0.9313864004921779
5.555555555555555 0.9310207180916441
5.583333333333333 0.9306551042520856
5.611111111111111 0.930289561262963
5.638888888888889 0.9299240913665437
5.666666666666667 0.9295586967586527
5.694444444444445 0.9291933795894132
5.722222222222222 0.9288281419639882
5.75 0.928462985943316
5.777777777777778 0.9280979135448411
5.805555555555555 0.9277329267432424
5.833333333333333 0.9273680274711514
5.861111111111111 0.9270032176198716
5.888888888888889 0.9266384990400848
5.916666666666667 0.9262738735425569
5.944444444444445 0.925909342898834
5.972222222222222 0.9255449088419342
6.0 0.9251805730670288
6.027777777777778 0.9248163372321214
6.055555555555555 0.924452202958716
6.083333333333333 0.9240881718324792
6.111111111111111 0.9237242454038934
6.138888888888889 0.9233604251889048
6.166666666666667 0.922996712669562
6.194444444444445 0.9226331092946445
6.222222222222222 0.9222696164802886
6.25 0.9219062356105991
6.277777777777778 0.9215429680382583
6.305555555555555 0.9211798150851217
6.333333333333333 0.9208167780428086
6.361111111111111 0.9204538581732848
6.388888888888889 0.9200910567094338
6.416666666666667 0.9197283748556225
6.444444444444445 0.9193658137882574
6.472222222222222 0.9190033746563323
6.5 0.9186410585819681
6.527777777777778 0.9182788666609432
6.555555555555555 0.9179167999632176
6.583333333333333 0.9175548595334461
6.611111111111111 0.9171930463914859
6.638888888888889 0.916831361532892
6.666666666666667 0.9164698059294099
6.694444444444445 0.9161083805294551
6.722222222222222 0.9157470862585874
6.75 0.9153859240199759
6.777777777777778 0.9150248946948567
6.805555555555555 0.9146639991429824
6.833333333333333 0.9143032382030636
6.861111111111111 0.9139426126932022
6.888888888888889 0.9135821234113186
6.916666666666667 0.9132217711355699
6.944444444444445 0.9128615566247605
6.972222222222222 0.9125014806187456
7.0 0.9121415438388277
7.027777777777778 0.9117817469881455
7.055555555555555 0.9114220907520555
7.083333333333333 0.9110625757985051
7.111111111111111 0.9107032027784033
7.138888888888889 0.910343972325978
7.166666666666667 0.9099848850591314
7.194444444444445 0.9096259415797868
7.222222222222222 0.9092671424742282
7.25 0.9089084883134354
7.277777777777778 0.90854997965341
7.305555555555555 0.9081916170354967
7.333333333333333 0.907833400986698
7.361111111111111 0.9074753320199832
7.388888888888889 0.9071174106345903
7.416666666666667 0.9067596373163214
7.444444444444445 0.9064020125378353
7.472222222222222 0.9060445367589304
7.5 0.9056872104268241
7.527777777777778 0.9053300339764272
7.555555555555555 0.9049730078306103
7.583333333333333 0.904616132400467
7.611111111111111 0.9042594080855706
7.638888888888889 0.9039028352742261
7.666666666666667 0.9035464143437176
7.694444444444445 0.9031901456605484
7.722222222222222 0.902834029580679
7.75 0.9024780664497581
7.777777777777778 0.9021222566033494
7.805555555555555 0.901766600367155
7.833333333333333 0.9014110980572313
7.861111111111111 0.9010557499802039
7.888888888888889 0.9007005564334742
7.916666666666667 0.9003455177054261
7.944444444444445 0.8999906340756234
7.972222222222222 0.8996359058150071
8.0 0.899281333186086
8.027777777777779 0.8989269164431261
8.055555555555555 0.8985726558323314
8.083333333333334 0.898218551592026
8.11111111111111 0.897864603952828
8.13888888888889 0.8975108131378239
8.166666666666666 0.8971571793627342
8.194444444444445 0.8968037028360802
8.222222222222221 0.8964503837593448
8.25 0.8960972223271295
8.277777777777779 0.89574421872731
8.305555555555555 0.8953913731411866
8.333333333333334 0.8950386857436317
8.36111111111111 0.8946861567032353
8.38888888888889 0.8943337861824456
8.416666666666666 0.8939815743377075
8.444444444444445 0.8936295213195987
8.472222222222221 0.893277627272962
8.5 0.8929258923370336
8.527777777777779 0.8925743166455716
8.555555555555555 0.8922229003269789
8.583333333333334 0.8918716435044242
8.61111111111111 0.8915205462959624
8.63888888888889 0.8911696088146481
8.666666666666666 0.8908188311686508
8.694444444444445 0.8904682134613653
8.722222222222221 0.890117755791521
8.75 0.8897674582532863
8.777777777777779 0.8894173209363739
8.805555555555555 0.889067343926142
8.833333333333334 0.8887175273036931
8.86111111111111 0.8883678711459723
8.88888888888889 0.8880183755258607
8.916666666666666 0.8876690405122686
8.944444444444445 0.8873198661702275
8.972222222222221 0.886970852560977
9.0 0.8866219997420537
9.027777777777779 0.8862733077673739
9.055555555555555 0.8859247766873184
9.083333333333334 0.8855764065488122
9.11111111111111 0.8852281973954057
9.13888888888889 0.8848801492673496
9.166666666666666 0.8845322622016731
9.194444444444445 0.8841845362322575
9.222222222222221 0.8838369713899076
9.25 0.883489567702424
9.277777777777779 0.8831423251946714
9.305555555555555 0.8827952438886476
9.333333333333334 0.8824483238035477
9.36111111111111 0.8821015649558307
9.38888888888889 0.8817549673592823
9.416666666666666 0.8814085310250765
9.444444444444445 0.8810622559618363
9.472222222222221 0.8807161421756926
9.5 0.8803701896703428
9.527777777777779 0.8800243984471062
9.555555555555555 0.8796787685049801
9.583333333333334 0.8793332998406939
9.61111111111111 0.8789879924487609
9.63888888888889 0.8786428463215312
9.666666666666666 0.8782978614492415
9.694444444444445 0.8779530378200641
9.722222222222221 0.8776083754201559
9.75 0.8772638742337051
9.777777777777779 0.8769195342429775
9.805555555555555 0.8765753554283607
9.833333333333334 0.8762313377684099
9.86111111111111 0.8758874812398891
9.88888888888889 0.8755437858178138
9.916666666666666 0.8752002514754929
9.944444444444445 0.874856878184568
9.972222222222221 0.8745136659150519
10.0 0.8741706146353698
10.027777777777779 0.8738277243123937
10.055555555555555 0.8734849949114809
10.083333333333334 0.8731424263965099
10.11111111111111 0.8728000187299138
10.13888888888889 0.8724577718727163
10.166666666666666 0.8721156857845653
10.194444444444445 0.8717737604237641
10.222222222222221 0.8714319957473042
10.25 0.8710903917108967
10.277777777777779 0.8707489482690037
10.305555555555555 0.8704076653748658
10.333333333333334 0.8700665429805338
10.36111111111111 0.8697255810368953
10.38888888888889 0.8693847794937044
10.416666666666666 0.8690441382996077
10.444444444444445 0.8687036574021714
10.472222222222221 0.8683633367479066
10.5 0.8680231762822961
10.527777777777779 0.8676831759498185
10.555555555555555 0.8673433356939725
10.583333333333334 0.8670036554573006
10.61111111111111 0.8666641351814126
10.63888888888889 0.8663247748070089
10.666666666666666 0.865985574273901
10.694444444444445 0.8656465335210344
10.722222222222221 0.8653076524865102
10.75 0.8649689311076049
10.777777777777779 0.8646303693207904
10.805555555555555 0.8642919670617552
10.833333333333334 0.8639537242654234
10.86111111111111 0.8636156408659708
10.88888888888889 0.8632777167968484
10.916666666666666 0.8629399519907963
10.944444444444445 0.8626023463798631
10.972222222222221 0.8622648998954232
11.0 0.861927612468193
11.027777777777779 0.8615904840282476
11.055555555555555 0.8612535145050373
11.083333333333334 0.8609167038274034
11.11111111111111 0.8605800519235929
11.13888888888889 0.8602435587212734
11.166666666666666 0.8599072241475494
11.194444444444445 0.8595710481289748
11.222222222222221 0.859235030591568
11.25 0.8588991714608252
11.277777777777779 0.8585634706617344
11.305555555555555 0.8582279281187876
11.333333333333334 0.8578925437559937
11.36111111111111 0.8575573174968927
11.38888888888889 0.8572222492645653
11.416666666666666 0.8568873389816472
11.444444444444445 0.8565525865703388
11.472222222222221 0.8562179919524191
11.5 0.8558835550492535
11.527777777777779 0.8555492757818084
11.555555555555555 0.855215154070659
11.583333333333334 0.8548811898360005
11.61111111111111 0.8545473829976604
11.63888888888889 0.8542137334751044
11.666666666666666 0.8538802411874498
11.694444444444445 0.8535469060534736
11.722222222222221 0.853213727991621
11.75 0.8528807069200156
11.777777777777779 0.8525478427564687
11.805555555555555 0.852215135418486
11.833333333333334 0.8518825848232784
11.86111111111111 0.8515501908877686
11.88888888888889 0.8512179535286004
11.916666666666666 0.8508858726621452
11.944444444444445 0.8505539482045118
11.972222222222221 0.8502221800715515
12.0 0.8498905681788678
12.027777777777779 0.8495591124418217
12.055555555555555 0.84922781277554
12.083333333333334 0.8488966690949227
12.11111111111111 0.8485656813146477
12.13888888888889 0.8482348493491785
12.166666666666666 0.8479041731127721
12.194444444444445 0.8475736525194828
12.222222222222221 0.84724328748317
12.25 0.8469130779175031
12.277777777777779 0.8465830237359689
12.305555555555555 0.8462531248518756
12.333333333333334 0.84592338117836
12.36111111111111 0.8455937926283917
12.38888888888889 0.8452643591147793
12.416666666666666 0.8449350805501753
12.444444444444445 0.8446059568470811
12.472222222222221 0.8442769879178523
12.5 0.8439481736747038
12.527777777777779 0.8436195140297137
12.555555555555555 0.8432910088948292
12.583333333333334 0.8429626581818701
12.61111111111111 0.8426344618025335
12.63888888888889 0.8423064196683988
12.666666666666666 0.8419785316909316
12.694444444444445 0.8416507977814872
12.722222222222221 0.8413232178513155
12.75 0.8409957918115651
12.777777777777779 0.8406685195732865
12.805555555555555 0.8403414010474362
12.833333333333334 0.8400144361448804
12.86111111111111 0.8396876247763992
12.88888888888889 0.8393609668526888
12.916666666666666 0.8390344622843668
12.944444444444445 0.8387081109819736
12.972222222222221 0.8383819128559775
13.0 0.8380558678167767
13.027777777777779 0.8377299757747028
13.055555555555555 0.8374042366400246
13.083333333333334 0.8370786503229499
13.11111111111111 0.8367532167336298
13.13888888888889 0.8364279357821595
13.166666666666666 0.8361028073785844
13.194444444444445 0.8357778314328992
13.222222222222221 0.8354530078550532
13.25 0.8351283365549521
13.277777777777779 0.8348038174424607
13.305555555555555 0.8344794504274041
13.333333333333334 0.8341552354195727
13.36111111111111 0.8338311723287226
13.38888888888889 0.8335072610645785
13.416666666666666 0.8331835015368363
13.444444444444445 0.8328598936551646
13.472222222222221 0.832536437329208
13.5 0.8322131324685882
13.527777777777779 0.8318899789829065
13.555555555555555 0.8315669767817462
13.583333333333334 0.831244125774674
13.61111111111111 0.8309214258712416
13.63888888888889 0.83059887698099
13.666666666666666 0.8302764790134471
13.694444444444445 0.8299542318781339
13.722222222222221 0.8296321354845634
13.75 0.8293101897422438
13.777777777777779 0.8289883945606792
13.805555555555555 0.8286667498493719
13.833333333333334 0.8283452555178241
13.86111111111111 0.8280239114755392
13.88888888888889 0.8277027176320229
13.916666666666666 0.8273816738967857
13.944444444444445 0.8270607801793438
13.972222222222221 0.8267400363892203
14.0 0.8264194424359476
14.027777777777779 0.826098998229067
14.055555555555555 0.8257787036781322
14.083333333333334 0.825458558692709
14.11111111111111 0.8251385631823772
14.13888888888889 0.824818717056732
14.166666666666666 0.8244990202253848
14.194444444444445 0.8241794725979644
14.222222222222221 0.823860074084119
14.25 0.8235408245935163
14.277777777777779 0.8232217240358449
14.305555555555555 0.8229027723208154
14.333333333333334 0.8225839693581624
14.36111111111111 0.8222653150576438
14.38888888888889 0.8219468093290432
14.416666666666666 0.8216284520821703
14.444444444444445 0.8213102432268619
14.472222222222221 0.8209921826729831
14.5 0.820674270330428
14.527777777777779 0.8203565061091205
14.555555555555555 0.8200388899190152
14.583333333333334 0.8197214216700992
14.61111111111111 0.819404101272391
14.63888888888889 0.8190869286359433
14.666666666666666 0.8187699036708425
14.694444444444445 0.8184530262872102
14.722222222222221 0.8181362963952032
14.75 0.8178197139050153
14.777777777777779 0.8175032787268773
14.805555555555555 0.8171869907710577
14.833333333333334 0.8168708499478637
14.86111111111111 0.8165548561676415
14.88888888888889 0.8162390093407771
14.916666666666666 0.815923309377698
14.944444444444445 0.8156077561888715
14.972222222222221 0.8152923496848077
15.0 0.8149770897760584
15.027777777777779 0.8146619763732188
15.055555555555555 0.8143470093869276
15.083333333333334 0.8140321887278673
15.11111111111111 0.8137175143067652
15.13888888888889 0.8134029860343936
15.166666666666666 0.813088603821571
15.194444444444445 0.8127743675791614
15.222222222222221 0.8124602772180756
15.25 0.8121463326492722
15.277777777777779 0.8118325337837563
15.305555555555555 0.8115188805325818
15.333333333333334 0.8112053728068513
15.36111111111111 0.8108920105177159
15.38888888888889 0.8105787935763761
15.416666666666666 0.8102657218940824
15.444444444444445 0.8099527953821354
15.472222222222221 0.809640013951886
15.5 0.8093273775147367
15.527777777777779 0.8090148859821407
15.555555555555555 0.8087025392656031
15.583333333333334 0.8083903372766813
15.61111111111111 0.8080782799269847
15.63888888888889 0.807766367128176
15.666666666666666 0.80745459879197
15.694444444444445 0.8071429748301359
15.722222222222221 0.806831495154496
15.75 0.8065201596769269
15.777777777777779 0.8062089683093593
15.805555555555555 0.8058979209637783
15.833333333333334 0.8055870175522246
15.86111111111111 0.8052762579867929
15.88888888888889 0.8049656421796345
15.916666666666666 0.8046551700429554
15.944444444444445 0.8043448414890181
15.972222222222221 0.8040346564301406
16.0 0.8037246147786983
16.02777777777778 0.8034147164471224
16.055555555555557 0.8031049613479011
16.083333333333332 0.8027953493935799
16.11111111111111 0.8024858804967613
16.13888888888889 0.8021765545701056
16.166666666666668 0.8018673715263307
16.194444444444443 0.8015583312782123
16.22222222222222 0.8012494337385838
16.25 0.8009406788203376
16.27777777777778 0.8006320664364243
16.305555555555557 0.8003235964998531
16.333333333333332 0.8000152689236912
16.36111111111111 0.7997070836210662
16.38888888888889 0.799399040505164
16.416666666666668 0.7990911394892297
16.444444444444443 0.7987833804865679
16.47222222222222 0.7984757634105429
16.5 0.7981682881745789
16.52777777777778 0.7978609546921595
16.555555555555557 0.7975537628768284
16.583333333333332 0.7972467126421898
16.61111111111111 0.7969398039019076
16.63888888888889 0.7966330365697064
16.666666666666668 0.796326410559371
16.694444444444443 0.7960199257847477
16.72222222222222 0.7957135821597415
16.75 0.7954073795983206
16.77777777777778 0.7951013180145124
16.805555555555557 0.7947953973224064
16.833333333333332 0.7944896174361523
16.86111111111111 0.7941839782699616
16.88888888888889 0.7938784797381069
16.916666666666668 0.7935731217549219
16.944444444444443 0.7932679042348025
16.97222222222222 0.7929628270922058
17.0 0.7926578902416497
17.02777777777778 0.7923530935977151
17.055555555555557 0.792048437075044
17.083333333333332 0.7917439205883401
17.11111111111111 0.7914395440523696
17.13888888888889 0.7911353073819598
17.166666666666668 0.790831210492001
17.194444444444443 0.7905272532974447
17.22222222222222 0.7902234357133054
17.25 0.7899197576546592
17.27777777777778 0.7896162190366445
17.305555555555557 0.7893128197744619
17.333333333333332 0.7890095597833751
17.36111111111111 0.7887064389787094
17.38888888888889 0.7884034572758529
17.416666666666668 0.7881006145902557
17.444444444444443 0.7877979108374314
17.47222222222222 0.787495345932955
17.5 0.787192919792465
17.52777777777778 0.786890632331662
17.555555555555557 0.7865884834663094
17.583333333333332 0.7862864731122332
17.61111111111111 0.7859846011853225
17.63888888888889 0.7856828676015285
17.666666666666668 0.7853812722768657
17.694444444444443 0.7850798151274114
17.72222222222222 0.784778496069305
17.75 0.7844773150187495
17.77777777777778 0.7841762718920103
17.805555555555557 0.7838753666054159
17.833333333333332 0.7835745990753573
17.86111111111111 0.7832739692182891
17.88888888888889 0.782973476950728
17.916666666666668 0.7826731221892542
17.944444444444443 0.7823729048505104
17.97222222222222 0.7820728248512023
18.0 0.7817728821080987
18.02777777777778 0.7814730765380312
18.055555555555557 0.7811734080578944
18.083333333333332 0.7808738765846457
18.11111111111111 0.7805744820353058
18.13888888888889 0.7802752243269577
18.166666666666668 0.7799761033767479
18.194444444444443 0.7796771191018859
18.22222222222222 0.7793782714196437
18.25 0.7790795602473561
18.27777777777778 0.7787809855024216
18.305555555555557 0.7784825471023008
18.333333333333332 0.7781842449645178
18.36111111111111 0.7778860790066592
18.38888888888889 0.7775880491463747
18.416666666666668 0.7772901553013768
18.444444444444443 0.776992397389441
18.47222222222222 0.7766947753284053
18.5 0.776397289036171
18.52777777777778 0.7760999384307019
18.555555555555557 0.7758027234300248
18.583333333333332 0.7755056439522292
18.61111111111111 0.7752086999154674
18.63888888888889 0.7749118912379545
18.666666666666668 0.7746152178379683
18.694444444444443 0.7743186796338494
18.72222222222222 0.7740222765440009
18.75 0.7737260084868889
18.77777777777778 0.7734298753810419
18.805555555555557 0.7731338771450514
18.833333333333332 0.7728380136975711
18.86111111111111 0.7725422849573175
18.88888888888889 0.7722466908430696
18.916666666666668 0.7719512312736692
18.944444444444443 0.7716559061680204
18.97222222222222 0.7713607154450896
19.0 0.7710656590239064
19.02777777777778 0.7707707368235619
19.055555555555557 0.7704759487632105
19.083333333333332 0.7701812947620686
19.11111111111111 0.7698867747394146
19.13888888888889 0.76959238861459
19.166666666666668 0.7692981363069981
19.194444444444443 0.7690040177361047
19.22222222222222 0.7687100328214376
19.25 0.7684161814825871
19.27777777777778 0.7681224636392056
19.305555555555557 0.7678288792110076
19.333333333333332 0.7675354281177699
19.36111111111111 0.7672421102793311
19.38888888888889 0.7669489256155922
19.416666666666668 0.766655874046516
19.444444444444443 0.7663629554921273
19.47222222222222 0.7660701698725131
19.5 0.7657775171078219
19.52777777777778 0.7654849971182648
19.555555555555557 0.7651926098241137
19.583333333333332 0.7649003551457034
19.61111111111111 0.7646082330034301
19.63888888888889 0.7643162433177512
19.666666666666668 0.7640243860091867
19.694444444444443 0.7637326609983176
19.72222222222222 0.7634410682057873
19.75 0.7631496075522998
19.77777777777778 0.7628582789586213
19.805555555555557 0.7625670823455797
19.833333333333332 0.7622760176340638
19.86111111111111 0.7619850847450245
19.88888888888889 0.7616942835994736
19.916666666666668 0.7614036141184843
19.944444444444443 0.7611130762231917
19.97222222222222 0.7608226698347915
20.0 0.7605323948745409
20.02777777777778 0.7602422512637587
20.055555555555557 0.7599522389238242
20.083333333333332 0.7596623577761784
20.11111111111111 0.7593726077423233
20.13888888888889 0.7590829887438215
20.166666666666668 0.7587935007022972
20.194444444444443 0.7585041435394354
20.22222222222222 0.7582149171769818
20.25 0.757925821536743
20.27777777777778 0.757636856540587
20.305555555555557 0.7573480221104419
20.333333333333332 0.7570593181682972
20.36111111111111 0.7567707446362024
20.38888888888889 0.7564823014362683
20.416666666666668 0.7561939884906661
20.444444444444443 0.7559058057216275
20.47222222222222 0.7556177530514449
20.5 0.755329830402471
20.52777777777778 0.7550420376971198
20.555555555555557 0.7547543748578641
20.583333333333332 0.7544668418072389
20.61111111111111 0.754179438467838
20.63888888888889 0.7538921647623162
20.666666666666668 0.7536050206133889
20.694444444444443 0.753318005943831
20.72222222222222 0.7530311206764779
20.75 0.752744364734225
20.77777777777778 0.752457738040028
20.805555555555557 0.7521712405169023
20.833333333333332 0.7518848720879233
20.86111111111111 0.7515986326762267
20.88888888888889 0.7513125222050078
20.916666666666668 0.7510265405975217
20.944444444444443 0.7507406877770834
20.97222222222222 0.7504549636670675
21.0 0.7501693681909086
21.02777777777778 0.7498839012721009
21.055555555555557 0.7495985628341981
21.083333333333332 0.7493133528008132
21.11111111111111 0.7490282710956192
21.13888888888889 0.7487433176423485
21.166666666666668 0.7484584923647924
21.194444444444443 0.7481737951868025
21.22222222222222 0.7478892260322888
21.25 0.7476047848252215
21.27777777777778 0.7473204714896292
21.305555555555557 0.7470362859496001
21.333333333333332 0.7467522281292819
21.36111111111111 0.7464682979528805
21.38888888888889 0.7461844953446619
21.416666666666668 0.7459008202289503
21.444444444444443 0.7456172725301292
21.47222222222222 0.7453338521726413
21.5 0.7450505590809875
21.52777777777778 0.7447673931797282
21.555555555555557 0.7444843543934819
21.583333333333332 0.7442014426469268
21.61111111111111 0.7439186578647986
21.63888888888889 0.7436359999718927
21.666666666666668 0.7433534688930624
21.694444444444443 0.7430710645532198
21.72222222222222 0.7427887868773356
21.75 0.742506635790439
21.77777777777778 0.7422246112176168
21.805555555555557 0.7419427130840154
21.833333333333332 0.7416609413148388
21.86111111111111 0.7413792958353491
21.88888888888889 0.7410977765708671
21.916666666666668 0.7408163834467717
21.944444444444443 0.7405351163884992
21.97222222222222 0.7402539753215452
22.0 0.7399729601714624
22.02777777777778 0.7396920708638615
22.055555555555557 0.7394113073244116
22.083333333333332 0.7391306694788397
22.11111111111111 0.7388501572529299
22.13888888888889 0.7385697705725249
22.166666666666668 0.7382895093635247
22.194444444444443 0.7380093735518871
22.22222222222222 0.7377293630636277
22.25 0.7374494778248194
22.27777777777778 0.7371697177615928
22.305555555555557 0.736890082800136
22.333333333333332 0.7366105728666947
22.36111111111111 0.7363311878875718
22.38888888888889 0.7360519277891274
22.416666666666668 0.7357727924977794
22.444444444444443 0.7354937819400026
22.47222222222222 0.7352148960423293
22.5 0.7349361347313482
22.52777777777778 0.7346574979337063
22.555555555555557 0.7343789855761068
22.583333333333332 0.7341005975853101
22.61111111111111 0.733822333888134
22.63888888888889 0.7335441944114527
22.666666666666668 0.7332661790821973
22.694444444444443 0.7329882878273563
22.72222222222222 0.7327105205739741
22.75 0.7324328772491527
22.77777777777778 0.7321553577800505
22.805555555555557 0.7318779620938822
22.833333333333332 0.7316006901179194
22.86111111111111 0.7313235417794902
22.88888888888889 0.7310465170059792
22.916666666666668 0.7307696157248278
22.944444444444443 0.7304928378635329
22.97222222222222 0.7302161833496487
23.0 0.729939652110785
23.02777777777778 0.7296632440746087
23.055555555555557 0.7293869591688419
23.083333333333332 0.7291107973212635
23.11111111111111 0.7288347584597085
23.13888888888889 0.7285588425120676
23.166666666666668 0.7282830494062879
23.194444444444443 0.7280073790703724
23.22222222222222 0.7277318314323797
23.25 0.727456406420425
23.27777777777778 0.7271811039626783
23.305555555555557 0.7269059239873664
23.333333333333332 0.7266308664227713
23.36111111111111 0.7263559311972309
23.38888888888889 0.7260811182391381
23.416666666666668 0.7258064274769424
23.444444444444443 0.7255318588391481
23.47222222222222 0.7252574122543154
23.5 0.7249830876510597
23.52777777777778 0.724708884958052
23.555555555555557 0.7244348041040185
23.583333333333332 0.7241608450177407
23.61111111111111 0.7238870076280556
23.63888888888889 0.723613291863855
23.666666666666668 0.7233396976540862
23.694444444444443 0.7230662249277515
23.72222222222222 0.7227928736139085
23.75 0.7225196436416693
23.77777777777778 0.7222465349402016
23.805555555555557 0.7219735474387273
23.833333333333332 0.721700681066524
23.86111111111111 0.7214279357529235
23.88888888888889 0.7211553114273125
23.916666666666668 0.7208828080191328
23.944444444444443 0.7206104254578807
23.97222222222222 0.7203381636731068
