0.0 1.0
0.027777777777777776 0.9996473850441108
0.05555555555555555 0.9993137432795903
0.08333333333333333 0.9989892441951201
0.1111111111111111 0.9986700536894584
0.1388888888888889 0.9983542688400289
0.16666666666666666 0.9980408059561507
0.19444444444444445 0.9977289884253324
0.2222222222222222 0.9974183639450891
0.25 0.9971086134025758
0.2777777777777778 0.9967995015861946
0.3055555555555556 0.9964908488346702
0.3333333333333333 0.9961825138861561
0.3611111111111111 0.9958743830349877
0.3888888888888889 0.9955663629972936
0.4166666666666667 0.9952583760429459
0.4444444444444444 0.9949503565626877
0.4722222222222222 0.9946422485751376
0.5 0.9943340038690426
0.5277777777777778 0.9940255805876905
0.5555555555555556 0.9937169421294765
0.5833333333333334 0.9934080562800901
0.6111111111111112 0.993098894518096
0.6388888888888888 0.9927894314528035
0.6666666666666666 0.9924796443647476
0.6944444444444444 0.9921695128269026
0.7222222222222222 0.9918590183902084
0.75 0.9915481443208711
0.7777777777777778 0.9912368753797342
0.8055555555555556 0.9909251976361073
0.8333333333333334 0.9906130983100215
0.8611111111111112 0.9903005656380732
0.8888888888888888 0.9899875887589584
0.9166666666666666 0.9896741576155201
0.9444444444444444 0.9893602628707082
0.9722222222222222 0.9890458958353089
1.0 0.9887310484056656
1.0277777777777777 0.9884157130099166
1.0555555555555556 0.9880998825615082
1.0833333333333333 0.9877835504189478
1.1111111111111112 0.9874667103509205
1.1388888888888888 0.9871493565060248
1.1666666666666667 0.9868314833865036
1.1944444444444444 0.9865130858254277
1.2222222222222223 0.9861941589668765
1.25 0.9858746982487208
1.2777777777777777 0.9855546993876707
1.3055555555555556 0.9852341583662932
1.3333333333333333 0.9849130714217486
1.3611111111111112 0.984591435036026
1.3888888888888888 0.9842692459274845
1.4166666666666667 0.9839465010435361
1.4444444444444444 0.9836231975543203
1.4722222222222223 0.9832993328472454
1.5 0.9829749045222811
1.5277777777777777 0.9826499103879034
1.5555555555555556 0.9823243484576035
1.5833333333333333 0.9819982169468823
1.6111111111111112 0.9816715142706611
1.6388888888888888 0.9813442390410463
1.6666666666666667 0.9810163900653927
1.6944444444444444 0.9806879663446163
1.7222222222222223 0.9803589670717129
1.75 0.9800293916304408
1.7777777777777777 0.9796992395941343
1.8055555555555556 0.9793685107246156
1.8333333333333333 0.979037204971175
1.8611111111111112 0.9787053224695944
1.8888888888888888 0.9783728635411933
1.9166666666666667 0.9780398286918723
1.9444444444444444 0.9777062186111379
1.9722222222222223 0.9773720341710933
2.0 0.9770372764253771
2.0277777777777777 0.9767019466080398
2.0555555555555554 0.9763660461323456
2.0833333333333335 0.9760295765894872
2.111111111111111 0.9756925397472093
2.138888888888889 0.9753549375483275
2.1666666666666665 0.9750167721091423
2.1944444444444446 0.9746780457177372
2.2222222222222223 0.9743387608321603
2.25 0.973998920078484
2.2777777777777777 0.9736585262487408
2.3055555555555554 0.9733175822987352
2.3333333333333335 0.9729760913457258
2.361111111111111 0.9726340566659843
2.388888888888889 0.972291481692226
2.4166666666666665 0.9719483700109158
2.4444444444444446 0.9716047253594511
2.4722222222222223 0.9712605516232242
2.5 0.9709158528325655
2.5277777777777777 0.9705706331595725
2.5555555555555554 0.9702248969148275
2.5833333333333335 0.96987864854401
2.611111111111111 0.9695318926244044
2.638888888888889 0.9691846338613133
2.6666666666666665 0.968836877084377
2.6944444444444446 0.9684886272438076
2.7222222222222223 0.9681398894065424
2.75 0.9677906687523234
2.7777777777777777 0.967440970569708
2.8055555555555554 0.9670908002520181
2.8333333333333335 0.966740163293234
2.861111111111111 0.96638906528384
2.888888888888889 0.966037511906628
2.9166666666666665 0.9656855089324647
2.9444444444444446 0.9653330622160321
2.9722222222222223 0.9649801776915452
3.0 0.9646268613684545
3.0277777777777777 0.9642731193271407
3.0555555555555554 0.9639189577146066
3.0833333333333335 0.9635643827401745
3.111111111111111 0.9632094006711935
3.138888888888889 0.9628540178287646
3.1666666666666665 0.9624982405834877
3.1944444444444446 0.9621420753512384
3.2222222222222223 0.9617855285889795
3.25 0.9614286067906106
3.2777777777777777 0.961071316482865
3.3055555555555554 0.9607136642212553
3.3333333333333335 0.9603556565860739
3.361111111111111 0.959997300178454
3.388888888888889 0.9596386016164931
3.4166666666666665 0.9592795675314444
3.4444444444444446 0.9589202045639798
3.4722222222222223 0.9585605193605278
3.5 0.9582005185696901
3.5277777777777777 0.9578402088387378
3.5555555555555554 0.957479596810193
3.5833333333333335 0.9571186891184962
3.611111111111111 0.956757492386762
3.638888888888889 0.9563960132236257
3.6666666666666665 0.9560342582201814
3.6944444444444446 0.9556722339470148
3.7222222222222223 0.9553099469513295
3.75 0.9549474037541706
3.7777777777777777 0.9545846108477439
3.8055555555555554 0.9542215746928324
3.8333333333333335 0.9538583017163107
3.861111111111111 0.9534947983087569
3.888888888888889 0.9531310708221621
3.9166666666666665 0.9527671255677372
3.9444444444444446 0.9524029688138161
3.9722222222222223 0.9520386067838571
4.0 0.9516740456545375
4.027777777777778 0.9513092915539451
4.055555555555555 0.9509443505598616
4.083333333333333 0.9505792286981406
4.111111111111111 0.9502139319411755
4.138888888888889 0.9498484662064574
4.166666666666667 0.9494828373552218
4.194444444444445 0.9491170511911828
4.222222222222222 0.9487511134593517
4.25 0.9483850298449387
4.277777777777778 0.9480188059723377
4.305555555555555 0.94765244740419
4.333333333333333 0.9472859596405253
4.361111111111111 0.9469193481179807
4.388888888888889 0.9465526182090908
4.416666666666667 0.9461857752216516
4.444444444444445 0.9458188243981545
4.472222222222222 0.9454517709152859
4.5 0.9450846198834949
4.527777777777778 0.9447173763466223
4.555555555555555 0.9443500452815927
4.583333333333333 0.9439826315981648
4.611111111111111 0.9436151401387388
4.638888888888889 0.9432475756782204
4.666666666666667 0.9428799429239346
4.694444444444445 0.9425122465155945
4.722222222222222 0.9421444910253152
4.75 0.941776680957676
4.777777777777778 0.9414088207498286
4.805555555555555 0.9410409147716459
4.833333333333333 0.9406729673259131
4.861111111111111 0.9403049826485572
4.888888888888889 0.939936964908914
4.916666666666667 0.9395689182100299
4.944444444444445 0.9392008465889976
4.972222222222222 0.9388327540173232
5.0 0.9384646444013238
5.027777777777778 0.9380965215825527
5.055555555555555 0.9377283893382519
5.083333333333333 0.9373602513818288
5.111111111111111 0.9369921113633586
5.138888888888889 0.9366239728701059
5.166666666666667 0.9362558394270694
5.194444444444445 0.9358877144975445
5.222222222222222 0.9355196014837035
5.25 0.9351515037271942
5.277777777777778 0.9347834245097514
5.305555555555555 0.9344153670538241
5.333333333333333 0.9340473345232149
5.361111111111111 0.9336793300237312
5.388888888888889 0.9333113566038468
5.416666666666667 0.9329434172553742
5.444444444444445 0.9325755149141437
5.472222222222222 0.9322076524606914
5.5 0.9318398327209529
5.527777777777778 0.9314720584669642
5.555555555555555 0.931104332417566
5.583333333333333 0.9307366572391118
5.611111111111111 0.9303690355461817
5.638888888888889 0.9300014699022957
5.666666666666667 0.9296339628206313
5.694444444444445 0.9292665167647407
5.722222222222222 0.9288991341492688
5.75 0.928531817340672
5.777777777777778 0.9281645686579353
5.805555555555555 0.9277973903732879
5.833333333333333 0.9274302847129189
5.861111111111111 0.9270632538576881
5.888888888888889 0.9266962999438366
5.916666666666667 0.9263294250636928
5.944444444444445 0.9259626312663746
5.972222222222222 0.925595920558489
6.0 0.9252292949048261
6.027777777777778 0.9248627562290489
6.055555555555555 0.9244963064143784
6.083333333333333 0.9241299473042731
6.111111111111111 0.9237636807031031
6.138888888888889 0.9233975083768176
6.166666666666667 0.9230314320536084
6.194444444444445 0.9226654534245643
6.222222222222222 0.9222995741443221
6.25 0.9219337958317078
6.277777777777778 0.921568120070374
6.305555555555555 0.9212025484094275
6.333333333333333 0.9208370823640526
6.361111111111111 0.9204717234161242
6.388888888888889 0.9201064730148165
6.416666666666667 0.9197413325772021
6.444444444444445 0.9193763034888441
6.472222222222222 0.9190113871043815
6.5 0.9186465847481051
6.527777777777778 0.918281897714528
6.555555555555555 0.9179173272689465
6.583333333333333 0.9175528746479931
6.611111111111111 0.9171885410601837
6.638888888888889 0.9168243276864545
6.666666666666667 0.9164602356806928
6.694444444444445 0.9160962661702583
6.722222222222222 0.9157324202564988
6.75 0.9153686990152555
6.777777777777778 0.9150051034973624
6.805555555555555 0.9146416347291372
6.833333333333333 0.9142782937128641
6.861111111111111 0.9139150814272688
6.888888888888889 0.9135519988279878
6.916666666666667 0.9131890468480258
6.944444444444445 0.9128262263982109
6.972222222222222 0.9124635383676368
7.0 0.9121009836241025
7.027777777777778 0.9117385630145405
7.055555555555555 0.9113762773654398
7.083333333333333 0.9110141274832615
7.111111111111111 0.910652114154846
7.138888888888889 0.9102902381478145
7.166666666666667 0.9099285002109624
7.194444444444445 0.9095669010746454
7.222222222222222 0.9092054414511601
7.25 0.9088441220351162
7.277777777777778 0.9084829435038029
7.305555555555555 0.9081219065175475
7.333333333333333 0.9077610117200691
7.361111111111111 0.9074002597388241
7.388888888888889 0.907039651185346
7.416666666666667 0.9066791866555788
7.444444444444445 0.9063188667302038
7.472222222222222 0.9059586919749611
7.5 0.9055986629409635
7.527777777777778 0.9052387801650054
7.555555555555555 0.9048790441698661
7.583333333333333 0.9045194554646061
7.611111111111111 0.9041600145448586
7.638888888888889 0.9038007218931149
7.666666666666667 0.9034415779790038
7.694444444444445 0.9030825832595673
7.722222222222222 0.9027237381795279
7.75 0.9023650431715537
7.777777777777778 0.9020064986565162
7.805555555555555 0.901648105043743
7.833333333333333 0.9012898627312674
7.861111111111111 0.9009317721060707
7.888888888888889 0.9005738335443201
7.916666666666667 0.9002160474116035
7.944444444444445 0.8998584140631575
7.972222222222222 0.8995009338440911
8.0 0.8991436070896065
8.027777777777779 0.8987864341252132
8.055555555555555 0.8984294152669389
8.083333333333334 0.8980725508215361
8.11111111111111 0.897715841086684
8.13888888888889 0.8973592863511866
8.166666666666666 0.897002886895166
8.194444444444445 0.8966466429902533
8.222222222222221 0.8962905548997734
8.25 0.8959346228789273
8.277777777777779 0.8955788471749709
8.305555555555555 0.8952232280273889
8.333333333333334 0.894867765668065
8.36111111111111 0.8945124603214509
8.38888888888889 0.8941573122047283
8.416666666666666 0.8938023215279701
8.444444444444445 0.8934474884942969
8.472222222222221 0.8930928133000307
8.5 0.8927382961348451
8.527777777777779 0.8923839371819126
8.555555555555555 0.8920297366180484
8.583333333333334 0.8916756946138514
8.61111111111111 0.8913218113338423
8.63888888888889 0.8909680869365978
8.666666666666666 0.8906145215748841
8.694444444444445 0.8902611153957846
8.722222222222221 0.8899078685408276
8.75 0.8895547811461093
8.777777777777779 0.8892018533424152
8.805555555555555 0.8888490852553388
8.833333333333334 0.888496477005397
8.86111111111111 0.8881440287081442
8.88888888888889 0.887791740474283
8.916666666666666 0.8874396124097723
8.944444444444445 0.8870876446159346
8.972222222222221 0.8867358371895588
9.0 0.8863841902230031
9.027777777777779 0.8860327038042931
9.055555555555555 0.8856813780172205
9.083333333333334 0.8853302129414372
9.11111111111111 0.884979208652549
9.13888888888889 0.8846283652222067
9.166666666666666 0.884277682718195
9.194444444444445 0.8839271612045195
9.222222222222221 0.8835768007414926
9.25 0.8832266013858163
9.277777777777779 0.8828765631906642
9.305555555555555 0.8825266862057607
9.333333333333334 0.8821769704774595
9.36111111111111 0.8818274160488202
9.38888888888889 0.8814780229596823
9.416666666666666 0.8811287912467384
9.444444444444445 0.8807797209436059
9.472222222222221 0.8804308120808968
9.5 0.8800820646862856
9.527777777777779 0.8797334787845765
9.555555555555555 0.8793850543977686
9.583333333333334 0.8790367915451196
9.61111111111111 0.8786886902432088
9.63888888888889 0.8783407505059977
9.666666666666666 0.8779929723448898
9.694444444444445 0.8776453557687895
9.722222222222221 0.8772979007841588
9.75 0.8769506073950731
9.777777777777779 0.8766034756032764
9.805555555555555 0.8762565054082344
9.833333333333334 0.8759096968071863
9.86111111111111 0.875563049795197
9.88888888888889 0.8752165643652059
9.916666666666666 0.8748702405080766
9.944444444444445 0.8745240782126443
9.972222222222221 0.8741780774657629
10.0 0.8738322382523498
10.027777777777779 0.8734865605554317
10.055555555555555 0.8731410443561876
10.083333333333334 0.8727956896339916
10.11111111111111 0.8724504963664549
10.13888888888889 0.8721054645294662
10.166666666666666 0.8717605940972324
10.194444444444445 0.8714158850423166
10.222222222222221 0.8710713373356771
10.25 0.8707269509467047
10.277777777777779 0.8703827258432586
10.305555555555555 0.8700386619917027
10.333333333333334 0.86969475935694
10.36111111111111 0.8693510179024472
10.38888888888889 0.8690074375903077
10.416666666666666 0.8686640183812445
10.444444444444445 0.8683207602346519
10.472222222222221 0.8679776631086266
10.5 0.8676347269599982
10.527777777777779 0.8672919517443594
10.555555555555555 0.8669493374160948
10.583333333333334 0.8666068839284093
10.61111111111111 0.8662645912333565
10.63888888888889 0.8659224592818651
10.666666666666666 0.8655804880237661
10.694444444444445 0.8652386774078189
10.722222222222221 0.8648970273817365
10.75 0.8645555378922105
10.777777777777779 0.8642142088849355
10.805555555555555 0.8638730403046326
10.833333333333334 0.863532032095073
10.86111111111111 0.8631911841991009
10.88888888888889 0.8628504965586549
10.916666666666666 0.8625099691147906
10.944444444444445 0.8621696018077019
10.972222222222221 0.8618293945767407
11.0 0.8614893473604386
11.027777777777779 0.861149460096526
11.055555555555555 0.8608097327219516
11.083333333333334 0.8604701651729013
11.11111111111111 0.8601307573848169
11.13888888888889 0.8597915092924148
11.166666666666666 0.8594524208297024
11.194444444444445 0.859113491929997
11.222222222222221 0.8587747225259414
11.25 0.8584361125495217
11.277777777777779 0.8580976619320825
11.305555555555555 0.8577593706043434
11.333333333333334 0.857421238496414
11.36111111111111 0.8570832655378098
11.38888888888889 0.856745451657466
11.416666666666666 0.8564077967837529
11.444444444444445 0.8560703008444898
11.472222222222221 0.8557329637669582
11.5 0.8553957854779164
11.527777777777779 0.855058765903612
11.555555555555555 0.8547219049697948
11.583333333333334 0.8543852026017303
11.61111111111111 0.854048658724211
11.63888888888889 0.8537122732615688
11.666666666666666 0.8533760461376874
11.694444444444445 0.8530399772760133
11.722222222222221 0.8527040665995671
11.75 0.8523683140309547
11.777777777777779 0.8520327194923782
11.805555555555555 0.8516972829056463
11.833333333333334 0.8513620041921844
11.86111111111111 0.8510268832730453
11.88888888888889 0.8506919200689186
11.916666666666666 0.8503571145001403
11.944444444444445 0.8500224664867027
11.972222222222221 0.8496879759482627
12.0 0.8493536428041524
12.027777777777779 0.849019466973386
12.055555555555555 0.8486854483746701
12.083333333333334 0.8483515869264107
12.11111111111111 0.8480178825467225
12.13888888888889 0.8476843351534367
12.166666666666666 0.8473509446641084
12.194444444444445 0.8470177109960251
12.222222222222221 0.8466846340662132
12.25 0.8463517137914462
12.277777777777779 0.8460189500882517
12.305555555555555 0.8456863428729182
12.333333333333334 0.8453538920615022
12.36111111111111 0.8450215975698349
12.38888888888889 0.8446894593135283
12.416666666666666 0.8443574772079826
12.444444444444445 0.8440256511683916
12.472222222222221 0.8436939811097491
12.5 0.8433624669468552
12.527777777777779 0.8430311085943217
12.555555555555555 0.8426999059665783
12.583333333333334 0.8423688589778777
12.61111111111111 0.8420379675423015
12.63888888888889 0.8417072315737655
12.666666666666666 0.8413766509860247
12.694444444444445 0.8410462256926785
12.722222222222221 0.840715955607176
12.75 0.8403858406428207
12.777777777777779 0.8400558807127751
12.805555555555555 0.8397260757300657
12.833333333333334 0.8393964256075874
12.86111111111111 0.8390669302581081
12.88888888888889 0.8387375895942726
12.916666666666666 0.8384084035286078
12.944444444444445 0.8380793719735259
12.972222222222221 0.8377504948413292
13.0 0.8374217720442138
13.027777777777779 0.8370932034942732
13.055555555555555 0.836764789103503
13.083333333333334 0.8364365287838037
13.11111111111111 0.8361084224469846
13.13888888888889 0.8357804700047679
13.166666666666666 0.8354526713687914
13.194444444444445 0.8351250264506126
13.222222222222221 0.8347975351617115
13.25 0.8344701974134943
13.277777777777779 0.8341430131172962
13.305555555555555 0.8338159821843847
13.333333333333334 0.8334891045259626
13.36111111111111 0.8331623800531711
13.38888888888889 0.8328358086770927
13.416666666666666 0.8325093903087537
13.444444444444445 0.8321831248591273
13.472222222222221 0.8318570122391362
13.5 0.8315310523596557
13.527777777777779 0.8312052451315155
13.555555555555555 0.8308795904655027
13.583333333333334 0.8305540882723643
13.61111111111111 0.8302287384628096
13.63888888888889 0.8299035409475125
13.666666666666666 0.8295784956371135
13.694444444444445 0.8292536024422228
13.722222222222221 0.8289288612734218
13.75 0.8286042720412654
13.777777777777779 0.8282798346562844
13.805555555555555 0.8279555490289872
13.833333333333334 0.8276314150698618
13.86111111111111 0.8273074326893786
13.88888888888889 0.826983601797991
13.916666666666666 0.8266599223061383
13.944444444444445 0.8263363941242473
13.972222222222221 0.8260130171627338
14.0 0.8256897913320047
14.027777777777779 0.8253667165424596
14.055555555555555 0.8250437927044927
14.083333333333334 0.8247210197284938
14.11111111111111 0.8243983975248508
14.13888888888889 0.8240759260039504
14.166666666666666 0.8237536050761805
14.194444444444445 0.8234314346519309
14.222222222222221 0.8231094146415954
14.25 0.8227875449555726
14.277777777777779 0.822465825504268
14.305555555555555 0.822144256198095
14.333333333333334 0.8218228369474759
14.36111111111111 0.8215015676628441
14.38888888888889 0.8211804482546445
14.416666666666666 0.8208594786333351
14.444444444444445 0.8205386587093884
14.472222222222221 0.8202179883932923
14.5 0.8198974675955515
14.527777777777779 0.8195770962266881
14.555555555555555 0.8192568741972437
14.583333333333334 0.8189368014177796
14.61111111111111 0.8186168777988783
14.63888888888889 0.818297103251144
14.666666666666666 0.8179774776852049
14.694444444444445 0.8176580010117123
14.722222222222221 0.8173386731413431
14.75 0.8170194939848004
14.777777777777779 0.8167004634528139
14.805555555555555 0.8163815814561414
14.833333333333334 0.816062847905569
14.86111111111111 0.8157442627119131
14.88888888888889 0.8154258257860199
14.916666666666666 0.815107537038767
14.944444444444445 0.8147893963810644
14.972222222222221 0.8144714037238545
15.0 0.8141535589781136
15.027777777777779 0.813835862054852
15.055555555555555 0.8135183128651157
15.083333333333334 0.8132009113199858
15.11111111111111 0.8128836573305802
15.13888888888889 0.8125665508080542
15.166666666666666 0.8122495916636004
15.194444444444445 0.8119327798084504
15.222222222222221 0.8116161151538744
15.25 0.8112995976111831
15.277777777777779 0.8109832270917264
15.305555555555555 0.8106670035068964
15.333333333333334 0.8103509267681255
15.36111111111111 0.8100349967868891
15.38888888888889 0.8097192134747047
15.416666666666666 0.8094035767431329
15.444444444444445 0.8090880865037783
15.472222222222221 0.8087727426682895
15.5 0.8084575451483595
15.527777777777779 0.8081424938557271
15.555555555555555 0.8078275887021761
15.583333333333334 0.8075128295995364
15.61111111111111 0.8071982164596849
15.63888888888889 0.8068837491945453
15.666666666666666 0.8065694277160885
15.694444444444445 0.8062552519363333
15.722222222222221 0.8059412217673468
15.75 0.8056273371212447
15.777777777777779 0.8053135979101919
15.805555555555555 0.8050000040464023
15.833333333333334 0.80468655544214
15.86111111111111 0.8043732520097188
15.88888888888889 0.8040600936615032
15.916666666666666 0.8037470803099088
15.944444444444445 0.8034342118674018
15.972222222222221 0.8031214882465002
16.0 0.8028089093597739
16.02777777777778 0.8024964751198445
16.055555555555557 0.8021841854393864
16.083333333333332 0.8018720402311266
16.11111111111111 0.8015600394078448
16.13888888888889 0.8012481828823746
16.166666666666668 0.8009364705676025
16.194444444444443 0.8006249023764692
16.22222222222222 0.8003134782219693
16.25 0.8000021980171514
16.27777777777778 0.7996910616751194
16.305555555555557 0.7993800691090314
16.333333333333332 0.7990692202321006
16.36111111111111 0.7987585149575955
16.38888888888889 0.7984479531988405
16.416666666666668 0.7981375348692149
16.444444444444443 0.7978272598821544
16.47222222222222 0.7975171281511507
16.5 0.797207139589752
16.52777777777778 0.7968972941115623
16.555555555555557 0.796587591630243
16.583333333333332 0.796278032059512
16.61111111111111 0.7959686153131442
16.63888888888889 0.7956593413049718
16.666666666666668 0.7953502099488846
16.694444444444443 0.7950412211588294
16.72222222222222 0.7947323748488109
16.75 0.7944236709328918
16.77777777777778 0.7941151093251925
16.805555555555557 0.7938066899398918
16.833333333333332 0.7934984126912266
16.86111111111111 0.7931902774934921
16.88888888888889 0.7928822842610423
16.916666666666668 0.7925744329082896
16.944444444444443 0.7922667233497053
16.97222222222222 0.7919591554998195
17.0 0.7916517292732214
17.02777777777778 0.7913444445845592
17.055555555555557 0.7910373013485407
17.083333333333332 0.7907302994799325
17.11111111111111 0.7904234388935609
17.13888888888889 0.7901167195043118
17.166666666666668 0.7898101412271306
17.194444444444443 0.7895037039770225
17.22222222222222 0.7891974076690526
17.25 0.7888912522183456
17.27777777777778 0.7885852375400864
17.305555555555557 0.7882793635495199
17.333333333333332 0.7879736301619512
17.36111111111111 0.7876680372927455
17.38888888888889 0.7873625848573286
17.416666666666668 0.787057272771186
17.444444444444443 0.7867521009498641
17.47222222222222 0.7864470693089699
17.5 0.7861421777641705
17.52777777777778 0.7858374262311938
17.555555555555557 0.7855328146258285
17.583333333333332 0.7852283428639237
17.61111111111111 0.7849240108613895
17.63888888888889 0.7846198185341968
17.666666666666668 0.7843157657983774
17.694444444444443 0.7840118525700236
17.72222222222222 0.7837080787652891
17.75 0.7834044443003886
17.77777777777778 0.7831009490915974
17.805555555555557 0.7827975930552522
17.833333333333332 0.7824943761077507
17.86111111111111 0.7821912981655518
17.88888888888889 0.7818883591451753
17.916666666666668 0.7815855589632026
17.944444444444443 0.781282897536276
17.97222222222222 0.7809803747810992
18.0 0.7806779906144369
18.02777777777778 0.7803757449531156
18.055555555555557 0.7800736377140226
18.083333333333332 0.779771668814107
18.11111111111111 0.7794698381703786
18.13888888888889 0.7791681456999094
18.166666666666668 0.778866591319832
18.194444444444443 0.778565174947341
18.22222222222222 0.778263896499692
18.25 0.7779627558942022
18.27777777777778 0.7776617530482501
18.305555555555557 0.7773608878792758
18.333333333333332 0.777060160304781
18.36111111111111 0.7767595702423282
18.38888888888889 0.7764591176095421
18.416666666666668 0.7761588023241084
18.444444444444443 0.7758586243037743
18.47222222222222 0.7755585834663486
18.5 0.7752586797297016
18.52777777777778 0.7749589130117649
18.555555555555557 0.7746592832305317
18.583333333333332 0.7743597903040564
18.61111111111111 0.7740604341504552
18.63888888888889 0.7737612146879055
18.666666666666668 0.7734621318346462
18.694444444444443 0.7731631855089776
18.72222222222222 0.7728643756292615
18.75 0.772565702113921
18.77777777777778 0.7722671648814406
18.805555555555557 0.7719687638503665
18.833333333333332 0.7716704989393058
18.86111111111111 0.7713723700669274
18.88888888888889 0.7710743771519611
18.916666666666668 0.7707765201131984
18.944444444444443 0.7704787988694921
18.97222222222222 0.7701812133397561
19.0 0.7698837634429657
19.02777777777778 0.7695864490981575
19.055555555555557 0.7692892702244295
19.083333333333332 0.7689922267409406
19.11111111111111 0.768695318566911
19.13888888888889 0.7683985456216224
19.166666666666668 0.7681019078244173
19.194444444444443 0.7678054050946996
19.22222222222222 0.7675090373519343
19.25 0.7672128045156474
19.27777777777778 0.766916706505426
19.305555555555557 0.7666207432409182
19.333333333333332 0.7663249146418335
19.36111111111111 0.766029220627942
19.38888888888889 0.7657336611190749
19.416666666666668 0.7654382360351246
19.444444444444443 0.765142945296044
19.47222222222222 0.7648477888218475
19.5 0.7645527665326096
19.52777777777778 0.7642578783484664
19.555555555555557 0.7639631241896142
19.583333333333332 0.7636685039763108
19.61111111111111 0.7633740176288741
19.63888888888889 0.763079665067683
19.666666666666668 0.7627854462131772
19.694444444444443 0.762491360985857
19.72222222222222 0.7621974093062833
19.75 0.7619035910950775
19.77777777777778 0.7616099062729219
19.805555555555557 0.761316354760559
19.833333333333332 0.7610229364787922
19.86111111111111 0.7607296513484848
19.88888888888889 0.7604364992905612
19.916666666666668 0.7601434802260059
19.944444444444443 0.7598505940758638
19.97222222222222 0.75955784076124
20.0 0.7592652202033001
20.02777777777778 0.75897273232327
20.055555555555557 0.7586803770424356
20.083333333333332 0.7583881542821435
20.11111111111111 0.7580960639637998
20.13888888888889 0.7578041060088714
20.166666666666668 0.7575122803388846
20.194444444444443 0.7572205868754265
20.22222222222222 0.7569290255401435
20.25 0.7566375962547425
20.27777777777778 0.7563462989409901
20.305555555555557 0.7560551335207131
20.333333333333332 0.7557640999157977
20.36111111111111 0.7554731980481902
20.38888888888889 0.7551824278398969
20.416666666666668 0.7548917892129833
20.444444444444443 0.7546012820895752
20.47222222222222 0.7543109063918576
20.5 0.7540206620420756
20.52777777777778 0.7537305489625334
20.555555555555557 0.7534405670755953
20.583333333333332 0.7531507163036845
20.61111111111111 0.7528609965692841
20.63888888888889 0.7525714077949365
20.666666666666668 0.7522819499032436
20.694444444444443 0.7519926228168665
20.72222222222222 0.7517034264585256
20.75 0.7514143607510009
20.77777777777778 0.7511254256171311
20.805555555555557 0.7508366209798146
20.833333333333332 0.7505479467620085
20.86111111111111 0.7502594028867293
20.88888888888889 0.7499709892770524
20.916666666666668 0.7496827058561125
20.944444444444443 0.7493945525471029
20.97222222222222 0.7491065292732759
21.0 0.7488186359579431
21.02777777777778 0.7485308725244744
21.055555555555557 0.7482432388962987
21.083333333333332 0.7479557349969038
21.11111111111111 0.7476683607498361
21.13888888888889 0.7473811160787008
21.166666666666668 0.7470940009071615
21.194444444444443 0.7468070151589407
21.22222222222222 0.7465201587578191
21.25 0.7462334316276361
21.27777777777778 0.7459468336922896
21.305555555555557 0.745660364875736
21.333333333333332 0.7453740251019895
21.36111111111111 0.7450878142951232
21.38888888888889 0.7448017323792684
21.416666666666668 0.7445157792786146
21.444444444444443 0.7442299549174093
21.47222222222222 0.7439442592199584
21.5 0.7436586921106259
21.52777777777778 0.7433732535138335
21.555555555555557 0.7430879433540614
21.583333333333332 0.7428027615558475
21.61111111111111 0.7425177080437877
21.63888888888889 0.7422327827425356
21.666666666666668 0.741947985576803
21.694444444444443 0.7416633164713592
21.72222222222222 0.7413787753510312
21.75 0.7410943621407041
21.77777777777778 0.7408100767653202
21.805555555555557 0.7405259191498795
21.833333333333332 0.7402418892194399
21.86111111111111 0.7399579868991165
21.88888888888889 0.7396742121140818
21.916666666666668 0.739390564789566
21.944444444444443 0.7391070448508564
21.97222222222222 0.738823652223298
22.0 0.738540386832293
22.02777777777778 0.7382572486033003
22.055555555555557 0.7379742374618369
22.083333333333332 0.7376913533334761
22.11111111111111 0.737408596143849
22.13888888888889 0.7371259658186433
22.166666666666668 0.7368434622836039
22.194444444444443 0.7365610854645327
22.22222222222222 0.7362788352872883
22.25 0.7359967116777866
22.27777777777778 0.7357147145619999
22.305555555555557 0.7354328438659576
22.333333333333332 0.7351510995157456
22.36111111111111 0.7348694814375067
22.38888888888889 0.7345879895574401
22.416666666666668 0.7343066238018019
22.444444444444443 0.7340253840969048
22.47222222222222 0.7337442703691174
22.5 0.7334632825448655
22.52777777777778 0.7331824205506309
22.555555555555557 0.7329016843129519
22.583333333333332 0.7326210737584231
22.61111111111111 0.7323405888136955
22.63888888888889 0.732060229405476
22.666666666666668 0.731779995460528
22.694444444444443 0.7314998869056709
22.72222222222222 0.7312199036677804
22.75 0.730940045673788
22.77777777777778 0.7306603128506813
22.805555555555557 0.7303807051255039
22.833333333333332 0.7301012224253551
22.86111111111111 0.7298218646773903
22.88888888888889 0.7295426318088207
22.916666666666668 0.7292635237469132
22.944444444444443 0.7289845404189903
22.97222222222222 0.7287056817524304
23.0 0.7284269476746674
23.02777777777778 0.7281483381131909
23.055555555555557 0.727869852995546
23.083333333333332 0.727591492249333
23.11111111111111 0.7273132558022081
23.13888888888889 0.7270351435818827
23.166666666666668 0.7267571555161235
23.194444444444443 0.7264792915327526
23.22222222222222 0.7262015515596472
23.25 0.7259239355247399
23.27777777777778 0.7256464433560184
23.305555555555557 0.7253690749815255
23.333333333333332 0.7250918303293591
23.36111111111111 0.7248147093276722
23.38888888888889 0.7245377119046725
23.416666666666668 0.7242608379886232
23.444444444444443 0.7239840875078416
23.47222222222222 0.7237074603907006
23.5 0.7234309565656274
23.52777777777778 0.7231545759611042
23.555555555555557 0.7228783185056677
23.583333333333332 0.7226021841279094
23.61111111111111 0.7223261727564757
23.63888888888889 0.7220502843200668
23.666666666666668 0.7217745187474381
23.694444444444443 0.7214988759673993
23.72222222222222 0.7212233559088144
23.75 0.7209479585006018
23.77777777777778 0.7206726836717344
23.805555555555557 0.7203975313512393
23.833333333333332 0.7201225014681977
23.86111111111111 0.7198475939517451
23.88888888888889 0.7195728087310713
23.916666666666668 0.7192981457354201
23.944444444444443 0.7190236048940891
23.97222222222222 0.7187491861364304
24.0 0.7184748893918494
