0.0 1.0
0.1111111111111111 0.9985895401764434
0.2222222222222222 0.9973299526840107
0.3333333333333333 0.9960944542441101
0.4444444444444444 0.994865258749579
0.5555555555555556 0.9936362767281114
0.6666666666666666 0.9924045509766319
0.7777777777777778 0.9911683464299065
0.8888888888888888 0.9899265301274129
1.0 0.9886783119903221
1.1111111111111112 0.9874231169185639
1.2222222222222223 0.9861605150180777
1.3333333333333333 0.9848901812853227
1.4444444444444444 0.9836118715632785
1.5555555555555556 0.982325407955378
1.6666666666666667 0.9810306698790937
1.7777777777777777 0.9797275884946729
1.8888888888888888 0.9784161431098943
2.0 0.9770963586704479
2.111111111111111 0.9757683037588447
2.2222222222222223 0.9744320887266691
2.3333333333333335 0.9730878637212287
2.4444444444444446 0.9717358164638105
2.5555555555555554 0.9703761697071581
2.6666666666666665 0.9690091783525148
2.7777777777777777 0.9676351262461086
2.888888888888889 0.9662543227038076
3.0 0.9648670988324026
3.111111111111111 0.9634738037276601
3.2222222222222223 0.9620748006339752
3.3333333333333335 0.960670463149184
3.4444444444444446 0.959261171552025
3.5555555555555554 0.9578473093200982
3.6666666666666665 0.9564292598941717
3.7777777777777777 0.9550074037314467
3.888888888888889 0.9535821156769755
4.0 0.9521537626695755
4.111111111111111 0.9507227017869773
4.222222222222222 0.9492892786249345
4.333333333333333 0.9478538259968533
4.444444444444445 0.9464166629342023
4.555555555555555 0.9449780939634663
4.666666666666667 0.9435384086325602
4.777777777777778 0.9420978812581763
4.888888888888889 0.9406567708652875
5.0 0.9392153212907055
5.111111111111111 0.9377737614239631
5.222222222222222 0.9363323055606583
5.333333333333333 0.9348911538455768
5.444444444444445 0.9334504927852354
5.555555555555555 0.9320104958118957
5.666666666666667 0.9305713238834111
5.777777777777778 0.9291331261055312
5.888888888888889 0.927696040365346
6.0 0.9262601939664732
6.111111111111111 0.9248257042582947
6.222222222222222 0.9233926792530722
6.333333333333333 0.9219612182261014
6.444444444444445 0.9205314122952084
6.555555555555555 0.9191033449768781
6.666666666666667 0.9176770927171354
6.777777777777778 0.9162527253959852
6.888888888888889 0.9148303068047936
7.0 0.9134098950964569
7.111111111111111 0.9119915432085705
7.222222222222222 0.9105752992601163
7.333333333333333 0.9091612069223963
7.444444444444445 0.907749305765119
7.555555555555555 0.9063396315786687
7.666666666666667 0.9049322166736625
7.777777777777778 0.903527090158952
7.888888888888889 0.9021242781992594
8.0 0.9007238042536294
8.11111111111111 0.8993256892958723
8.222222222222221 0.897929952018149
8.333333333333334 0.8965366090188107
8.444444444444445 0.8951456749755639
8.555555555555555 0.8937571628049888
8.666666666666666 0.8923710838093877
8.777777777777779 0.8909874478118803
8.88888888888889 0.8896062632806252
9.0 0.8882275374429823
9.11111111111111 0.8868512763903854
9.222222222222221 0.885477485174639
9.333333333333334 0.884106167896314
9.444444444444445 0.88273732778586
9.555555555555555 0.881370967278015
9.666666666666666 0.8800070880800471
9.777777777777779 0.8786456912343271
9.88888888888889 0.8772867771756896
10.0 0.8759303457840074
10.11111111111111 0.8745763964323725
10.222222222222221 0.8732249280312409
10.333333333333334 0.8718759390688773
10.444444444444445 0.8705294276484066
10.555555555555555 0.8691853915217488
10.666666666666666 0.867843828120703
10.777777777777779 0.8665047345854126
10.88888888888889 0.8651681077904347
11.0 0.8638339443686114
11.11111111111111 0.8625022407329281
11.222222222222221 0.86117299309653
11.333333333333334 0.8598461974910458
11.444444444444445 0.8585218497833693
11.555555555555555 0.8571999456910202
11.666666666666666 0.8558804807962096
11.777777777777779 0.8545634505587173
11.88888888888889 0.8532488503276812
12.0 0.8519366753523907
12.11111111111111 0.8506269207921668
12.222222222222221 0.8493195817254099
12.333333333333334 0.8480146531578808
12.444444444444445 0.8467121300302808
12.555555555555555 0.8454120072251942
12.666666666666666 0.8441142795734401
12.777777777777779 0.8428189418598901
12.88888888888889 0.8415259888287903
13.0 0.840235415188636
13.11111111111111 0.838947215616632
13.222222222222221 0.8376613847627747
13.333333333333334 0.8363779172535899
13.444444444444445 0.8350968076955522
13.555555555555555 0.8338180506782134
13.666666666666666 0.8325416407770676
13.777777777777779 0.8312675725561701
13.88888888888889 0.829995840570536
14.0 0.8287264393683307
14.11111111111111 0.8274593634928771
14.222222222222221 0.8261946074844889
14.333333333333334 0.8249321658821477
14.444444444444445 0.8236720332250367
14.555555555555555 0.8224142040539397
14.666666666666666 0.8211586729125235
14.777777777777779 0.8199054343485062
14.88888888888889 0.8186544829147251
15.0 0.8174058131701125
15.11111111111111 0.8161594196805841
15.222222222222221 0.8149152970198517
15.333333333333334 0.8136734397701619
15.444444444444445 0.8124338425229714
15.555555555555555 0.8111964998795602
15.666666666666666 0.809961406451591
15.777777777777779 0.8087285568616169
15.88888888888889 0.8074979457435437
16.0 0.806269567743049
16.11111111111111 0.8050434175179624
16.22222222222222 0.8038194897386105
16.333333333333332 0.8025977790881277
16.444444444444443 0.8013782802627388
16.555555555555557 0.8001609879720133
16.666666666666668 0.7989458969390927
16.77777777777778 0.7977330019008975
16.88888888888889 0.7965222976083112
17.0 0.7953137788263445
17.11111111111111 0.7941074403342832
17.22222222222222 0.7929032769258174
17.333333333333332 0.7917012834091581
17.444444444444443 0.7905014546071382
17.555555555555557 0.7893037853573016
17.666666666666668 0.7881082705119803
17.77777777777778 0.7869149049383611
17.88888888888889 0.7857236835185426
18.0 0.7845346011495836
18.11111111111111 0.7833476527435415
18.22222222222222 0.7821628332275057
18.333333333333332 0.780980137543622
18.444444444444443 0.7797995606491123
18.555555555555557 0.7786210975162867
18.666666666666668 0.7774447431325522
18.77777777777778 0.776270492500415
18.88888888888889 0.7750983406374788
19.0 0.7739282825764399
19.11111111111111 0.7727603133650766
19.22222222222222 0.7715944280662375
19.333333333333332 0.770430621757824
19.444444444444443 0.7692688895327731
19.555555555555557 0.7681092264990345
19.666666666666668 0.7669516277795471
19.77777777777778 0.7657960885122128
19.88888888888889 0.7646426038498683
20.0 0.7634911689602548
20.11111111111111 0.7623417790259865
20.22222222222222 0.7611944292445174
20.333333333333332 0.7600491148281068
20.444444444444443 0.758905831003782
20.555555555555557 0.7577645730133032
20.666666666666668 0.7566253361131242
20.77777777777778 0.755488115574353
20.88888888888889 0.7543529066827126
21.0 0.7532197047384991
21.11111111111111 0.7520885050565418
21.22222222222222 0.7509593029661593
21.333333333333332 0.7498320938111181
21.444444444444443 0.7487068729495882
21.555555555555557 0.7475836357541003
21.666666666666668 0.7464623776115009
21.77777777777778 0.7453430939229084
21.88888888888889 0.7442257801036675
22.0 0.7431104315833046
22.11111111111111 0.741997043805482
22.22222222222222 0.7408856122279525
22.333333333333332 0.7397761323225129
22.444444444444443 0.7386685995749589
22.555555555555557 0.7375630094850383
22.666666666666668 0.7364593575664041
22.77777777777778 0.7353576393465696
22.88888888888889 0.7342578503668605
23.0 0.7331599861823687
23.11111111111111 0.7320640423619063
23.22222222222222 0.7309700144879575
23.333333333333332 0.7298778981566336
23.444444444444443 0.7287876889776255
23.555555555555557 0.7276993825741567
23.666666666666668 0.7266129745829366
23.77777777777778 0.7255284606541152
23.88888888888889 0.7244458364512348
24.0 0.7233650976511844
