0.0 0.056032192359695476
0.027777777777777776 0.1957245487759314
0.05555555555555555 0.30801158842676096
0.08333333333333333 0.40039302540367827
0.1111111111111111 0.477412923082849
0.1388888888888889 0.5422300791821174
0.16666666666666666 0.5971806901815652
0.19444444444444445 0.6440544471762314
0.2222222222222222 0.6842539864049355
0.25 0.7188964606939877
0.2777777777777778 0.748882519166928
0.3055555555555556 0.774945272162765
0.3333333333333333 0.7976861777881988
0.3611111111111111 0.8176019815765708
0.3888888888888889 0.8351053189559142
0.4166666666666667 0.8505407061048227
0.4444444444444444 0.8641971021863156
0.4722222222222222 0.8763178778546276
0.5 0.8871087933532679
0.5277777777777778 0.8967444307691465
0.5555555555555556 0.9053734134170018
0.5833333333333334 0.9131226652172642
0.6111111111111112 0.9201009043779258
0.6388888888888888 0.9264015222322639
0.6666666666666666 0.9321049653967194
0.6944444444444444 0.9372807145407219
0.7222222222222222 0.941988933940739
0.75 0.9462818511607043
0.7777777777777778 0.9502049146052802
0.8055555555555556 0.9537977675601848
0.8333333333333334 0.9570950700948172
0.8611111111111112 0.9601271944301868
0.8888888888888888 0.9629208147476328
0.9166666666666666 0.9654994086856463
0.9444444444444444 0.9678836847548054
0.9722222222222222 0.9700919474485943
1.0 0.9721404098271371
1.0277777777777777 0.9740434617125908
1.0555555555555556 0.9758139002889621
1.0833333333333333 0.9774631287898126
1.1111111111111112 0.9790013280404058
1.1388888888888888 0.9804376048608793
1.1666666666666667 0.9817801207055179
1.1944444444444444 0.9830362033871668
1.2222222222222223 0.984212444296633
1.25 0.9853147831594443
1.2777777777777777 0.9863485820642228
1.3055555555555556 0.9873186902380723
1.3333333333333333 0.9882295008264853
1.3611111111111112 0.9890850007515345
1.3888888888888888 0.9898888145668732
1.4166666666666667 0.9906442430966964
1.4444444444444444 0.9913542975344374
1.4722222222222223 0.9920217295823904
1.5 0.9926490581329903
1.5277777777777777 0.9932385929239312
1.5555555555555556 0.9937924555407871
1.5833333333333333 0.9943125980907814
1.6111111111111112 0.994800819828511
1.6388888888888888 0.9952587819776944
1.6666666666666667 0.9956880209614398
1.6944444444444444 0.9960899602263588
1.7222222222222223 0.9964659208224342
1.75 0.9968171308803225
1.7777777777777777 0.9971447341102726
1.8055555555555556 0.9974497974316952
1.8333333333333333 0.9977333178292476
1.8611111111111112 0.9979962285198748
1.8888888888888888 0.9982394045052801
1.9166666666666667 0.9984636675756162
1.9444444444444444 0.9986697908225948
1.9722222222222223 0.9988585027135732
2.0 0.9990304907723565
2.0277777777777777 0.9991864049073381
2.0555555555555554 0.9993268604231157
2.0833333333333335 0.9994524407477542
2.111111111111111 0.9995636999043863
2.138888888888889 0.9996611647527537
2.1666666666666665 0.9997453370235673
2.1944444444444446 0.9998166951661556
2.2222222222222223 0.9998756960277223
2.25 0.9999227763806429
2.2777777777777777 0.9999583543125283
2.3055555555555554 0.9999828304922941
2.3333333333333335 0.9999965893241203
2.361111111111111 1.0
2.388888888888889 0.9999934174605026
2.4166666666666665 0.9999771832724247
2.4444444444444446 0.9999516264311464
2.4722222222222223 0.9999170640947467
2.5 0.9998738022562457
2.5277777777777777 0.9998221363597231
2.5555555555555554 0.999762351865511
2.5833333333333335 0.9996947247691653
2.611111111111111 0.999619522078465
2.638888888888889 0.9995370022522962
2.6666666666666665 0.999447415604903
2.6944444444444446 0.9993510046786733
2.7222222222222223 0.9992480045883196
2.75 0.9991386433390608
2.7777777777777777 0.9990231421211568
2.8055555555555554 0.9989017155829447
2.8333333333333335 0.9987745720843142
2.861111111111111 0.9986419139323922
2.888888888888889 0.9985039376010383
2.9166666666666665 0.9983608339356104
2.9444444444444446 0.9982127883443234
2.9722222222222223 0.9980599809774077
3.0 0.9979025868951579
3.0277777777777777 0.9977407762258714
3.0555555555555554 0.9975747143145793
3.0833333333333335 0.9974045618633891
3.111111111111111 0.9972304750641923
3.138888888888889 0.9970526057244093
3.1666666666666665 0.9968711013863966
3.1944444444444446 0.9966861054410667
3.2222222222222223 0.9964977572362389
3.25 0.9963061921801759
3.2777777777777777 0.9961115418407291
3.3055555555555554 0.9959139340404701
3.3333333333333335 0.9957134929481515
3.361111111111111 0.9955103391668118
3.388888888888889 0.9953045898188021
3.4166666666666665 0.9950963586279901
3.4444444444444446 0.9948857559993716
3.4722222222222223 0.9946728890962976
3.5 0.9944578619154992
3.5277777777777777 0.9942407753600818
3.5555555555555554 0.9940217273106388
3.5833333333333335 0.9938008126946161
3.611111111111111 0.993578123554053
3.638888888888889 0.9933537491118032
3.6666666666666665 0.9931277758363345
3.6944444444444446 0.9929002875051901
3.7222222222222223 0.992671365267191
3.75 0.9924410877034424
3.7777777777777777 0.9922095308872065
3.8055555555555554 0.9919767684426916
3.8333333333333335 0.9917428716028046
3.861111111111111 0.9915079092659059
3.888888888888889 0.9912719480516023
3.9166666666666665 0.9910350523556066
3.9444444444444446 0.9907972844036923
3.9722222222222223 0.9905587043047637
4.0 0.9903193701030619
4.027777777777778 0.9900793378295222
4.055555555555555 0.9898386615522978
4.083333333333333 0.9895973934264606
4.111111111111111 0.9893555837428902
4.138888888888889 0.9891132809763584
4.166666666666667 0.9888705318328163
4.194444444444445 0.9886273812958907
4.222222222222222 0.9883838726725932
4.25 0.9881400476382484
4.277777777777778 0.9878959462806419
4.305555555555555 0.9876516071433932
4.333333333333333 0.9874070672685562
4.361111111111111 0.9871623622384487
4.388888888888889 0.9869175262167147
4.416666666666667 0.9866725919886205
4.444444444444445 0.9864275910005871
4.472222222222222 0.9861825533989641
4.5 0.9859375080680435
4.527777777777778 0.9856924826673192
4.555555555555555 0.9854475036679959
4.583333333333333 0.9852025963887477
4.611111111111111 0.9849577850307331
4.638888888888889 0.9847130927118705
4.666666666666667 0.9844685415003749
4.694444444444445 0.9842241524475676
4.722222222222222 0.983979945619954
4.75 0.9837359401305874
4.777777777777778 0.9834921541697133
4.805555555555555 0.9832486050347067
4.833333333333333 0.983005309159309
4.861111111111111 0.982762282142169
4.888888888888889 0.9825195387746958
4.916666666666667 0.9822770930682329
4.944444444444445 0.9820349582805602
4.972222222222222 0.9817931469417317
5.0 0.9815516708792583
5.027777777777778 0.9813105412426444
5.055555555555555 0.981069768527287
5.083333333333333 0.9808293625977452
5.111111111111111 0.9805893327103934
5.138888888888889 0.9803496875354627
5.166666666666667 0.9801104351784841
5.194444444444445 0.9798715832011431
5.222222222222222 0.9796331386415518
5.25 0.9793951080339552
5.277777777777778 0.9791574974278768
5.305555555555555 0.978920312406715
5.333333333333333 0.9786835581058021
5.361111111111111 0.9784472392299365
5.388888888888889 0.9782113600703947
5.416666666666667 0.9779759245214394
5.444444444444445 0.9777409360963307
5.472222222222222 0.9775063979428501
5.5 0.9772723128583511
5.527777777777778 0.9770386833043445
5.555555555555555 0.9768055114206281
5.583333333333333 0.9765727990389751
5.611111111111111 0.9763405476963855
5.638888888888889 0.9761087586479161
5.666666666666667 0.9758774328790975
5.694444444444445 0.9756465711179456
5.722222222222222 0.9754161738465815
5.75 0.9751862413124671
5.777777777777778 0.9749567735392666
5.805555555555555 0.9747277703373443
5.833333333333333 0.9744992313139063
5.861111111111111 0.9742711558827977
5.888888888888889 0.9740435432739635
5.916666666666667 0.9738163925425808
5.944444444444445 0.9735897025778735
5.972222222222222 0.9733634721116173
6.0 0.9731376997263429
6.027777777777778 0.9729123838632469
6.055555555555555 0.9726875228298177
6.083333333333333 0.9724631148071863
6.111111111111111 0.9722391578572068
6.138888888888889 0.9720156499292784
6.166666666666667 0.971792588866912
6.194444444444445 0.9715699724140545
6.222222222222222 0.9713477982211718
6.25 0.971126063851103
6.277777777777778 0.9709047667846896
6.305555555555555 0.9706839044261881
6.333333333333333 0.9704634741084716
6.361111111111111 0.970243473098028
6.388888888888889 0.970023898599761
6.416666666666667 0.9698047477615984
6.444444444444445 0.9695860176789171
6.472222222222222 0.9693677053987865
6.5 0.969149807924041
6.527777777777778 0.9689323222171826
6.555555555555555 0.9687152452041216
6.583333333333333 0.9684985737777603
6.611111111111111 0.9682823048014249
6.638888888888889 0.9680664351121503
6.666666666666667 0.967850961523823
6.694444444444445 0.9676358808301869
6.722222222222222 0.9674211898077161
6.75 0.9672068852183612
6.777777777777778 0.9669929638121698
6.805555555555555 0.9667794223297893
6.833333333333333 0.9665662575048541
6.861111111111111 0.9663534660662615
6.888888888888889 0.9661410447403398
6.916666666666667 0.9659289902529148
6.944444444444445 0.9657172993312744
6.972222222222222 0.9655059687060376
7.0 0.9652949951129318
7.027777777777778 0.9650843752944798
7.055555555555555 0.9648741060016004
7.083333333333333 0.9646641839951271
7.111111111111111 0.9644546060472463
7.138888888888889 0.9642453689428588
7.166666666666667 0.964036469480866
7.194444444444445 0.9638279044753872
7.222222222222222 0.9636196707569072
7.25 0.9634117651733568
7.277777777777778 0.9632041845911319
7.305555555555555 0.9629969258960503
7.333333333333333 0.9627899859942505
7.361111111111111 0.9625833618130335
7.388888888888889 0.9623770503016522
7.416666666666667 0.9621710484320464
7.444444444444445 0.9619653531995299
7.472222222222222 0.9617599616234294
7.5 0.9615548707476763
7.527777777777778 0.961350077641356
7.555555555555555 0.9611455793992141
7.583333333333333 0.9609413731421225
7.611111111111111 0.9607374560175056
7.638888888888889 0.9605338251997318
7.666666666666667 0.9603304778904665
7.694444444444445 0.9601274113189928
7.722222222222222 0.9599246227424996
7.75 0.959722109446338
7.777777777777778 0.9595198687442473
7.805555555555555 0.9593178979785546
7.833333333333333 0.9591161945203441
7.861111111111111 0.9589147557696039
7.888888888888889 0.958713579155345
7.916666666666667 0.9585126621356982
7.944444444444445 0.9583120021979886
7.972222222222222 0.9581115968587876
8.0 0.9579114436639452
8.027777777777779 0.9577115401886025
8.055555555555555 0.957511884037186
8.083333333333334 0.9573124728433838
8.11111111111111 0.957113304270105
8.13888888888889 0.9569143760094243
8.166666666666666 0.9567156857825099
8.194444444444445 0.9565172313395391
8.222222222222221 0.9563190104595979
8.25 0.9561210209505693
8.277777777777779 0.9559232606490105
8.305555555555555 0.9557257274200159
8.333333333333334 0.9555284191570723
8.36111111111111 0.9553313337819017
8.38888888888889 0.9551344692442949
8.416666666666666 0.954937823521938
8.444444444444445 0.9547413946202277
8.472222222222221 0.9545451805720803
8.5 0.9543491794377333
8.527777777777779 0.9541533893045401
8.555555555555555 0.9539578082867567
8.583333333333334 0.9537624345253247
8.61111111111111 0.9535672661876473
8.63888888888889 0.9533723014673603
8.666666666666666 0.9531775385840989
8.694444444444445 0.9529829757832595
8.722222222222221 0.9527886113357579
8.75 0.9525944435377828
8.777777777777779 0.9524004707105481
8.805555555555555 0.9522066912000402
8.833333333333334 0.9520131033767633
8.86111111111111 0.9518197056354819
8.88888888888889 0.9516264963949617
8.916666666666666 0.9514334740977088
8.944444444444445 0.9512406372097065
8.972222222222221 0.9510479842201506
9.0 0.9508555136411849
9.027777777777779 0.9506632240076344
9.055555555555555 0.9504711138767379
9.083333333333334 0.9502791818278814
9.11111111111111 0.9500874264623289
9.13888888888889 0.9498958464029553
9.166666666666666 0.9497044402939782
9.194444444444445 0.9495132068006895
9.222222222222221 0.9493221446091877
9.25 0.9491312524261124
9.277777777777779 0.9489405289783763
9.305555555555555 0.9487499730128998
9.333333333333334 0.9485595832963465
9.36111111111111 0.9483693586148592
9.38888888888889 0.9481792977737976
9.416666666666666 0.9479893995974769
9.444444444444445 0.9477996629289064
9.472222222222221 0.9476100866295324
9.5 0.9474206695789803
9.527777777777779 0.9472314106747988
9.555555555555555 0.9470423088322063
9.583333333333334 0.9468533629838388
9.61111111111111 0.9466645720794984
9.63888888888889 0.9464759350859067
9.666666666666666 0.9462874509864563
9.694444444444445 0.9460991187809674
9.722222222222221 0.9459109374854452
9.75 0.9457229061318384
9.777777777777779 0.9455350237678022
9.805555555555555 0.9453472894564611
9.833333333333334 0.9451597022761757
9.86111111111111 0.9449722613203108
9.88888888888889 0.9447849656970052
9.916666666666666 0.9445978145289464
9.944444444444445 0.944410806953144
9.972222222222221 0.9442239421207079
10.0 0.9440372191966291
10.027777777777779 0.9438506373595605
10.055555555555555 0.9436641958016033
10.083333333333334 0.9434778937280924
10.11111111111111 0.943291730357388
10.13888888888889 0.9431057049206658
10.166666666666666 0.9429198166617131
10.194444444444445 0.9427340648367242
10.222222222222221 0.9425484487141015
10.25 0.9423629675742561
10.277777777777779 0.942177620709413
10.305555555555555 0.9419924074234168
10.333333333333334 0.9418073270315419
10.36111111111111 0.9416223788603045
10.38888888888889 0.9414375622472754
10.416666666666666 0.9412528765408977
10.444444444444445 0.9410683211003058
10.472222222222221 0.940883895295146
10.5 0.9406995985054013
10.527777777777779 0.9405154301212167
10.555555555555555 0.9403313895427292
10.583333333333334 0.9401474761798976
10.61111111111111 0.9399636894523362
10.63888888888889 0.9397800287891509
10.666666666666666 0.9395964936287765
10.694444444444445 0.9394130834188181
10.722222222222221 0.9392297976158932
10.75 0.939046635685476
10.777777777777779 0.9388635971017465
10.805555555555555 0.9386806813474378
10.833333333333334 0.9384978879136892
10.86111111111111 0.9383152162998996
10.88888888888889 0.9381326660135839
10.916666666666666 0.9379502365702309
10.944444444444445 0.937767927493164
10.972222222222221 0.9375857383134036
11.0 0.937403668569532
11.027777777777779 0.9372217178075593
11.055555555555555 0.9370398855807938
11.083333333333334 0.9368581714497114
11.11111111111111 0.936676574981829
11.13888888888889 0.9364950957515793
11.166666666666666 0.9363137333401882
11.194444444444445 0.9361324873355524
11.222222222222221 0.9359513573321213
11.25 0.9357703429307793
11.277777777777779 0.9355894437387301
11.305555555555555 0.9354086593693832
11.333333333333334 0.9352279894422425
11.36111111111111 0.9350474335827965
11.38888888888889 0.9348669914224089
11.416666666666666 0.9346866625982134
11.444444444444445 0.9345064467530096
11.472222222222221 0.9343263435351582
11.5 0.9341463525984822
11.527777777777779 0.9339664736021652
11.555555555555555 0.9337867062106556
11.583333333333334 0.9336070500935691
11.61111111111111 0.9334275049255943
11.63888888888889 0.9332480703864002
11.666666666666666 0.9330687461605449
11.694444444444445 0.9328895319373852
11.722222222222221 0.9327104274109889
11.75 0.9325314322800472
11.777777777777779 0.932352546247791
11.805555555555555 0.932173769021905
11.833333333333334 0.9319951003144472
11.86111111111111 0.9318165398417665
11.88888888888889 0.9316380873244242
11.916666666666666 0.9314597424871154
11.944444444444445 0.9312815050585922
11.972222222222221 0.9311033747715884
12.0 0.9309253513627452
12.027777777777779 0.9307474345725385
12.055555555555555 0.9305696241452075
12.083333333333334 0.9303919198286836
12.11111111111111 0.9302143213745232
12.13888888888889 0.9300368285378378
12.166666666666666 0.9298594410772284
12.194444444444445 0.9296821587547204
12.222222222222221 0.9295049813356988
12.25 0.9293279085888454
12.277777777777779 0.9291509402860764
12.305555555555555 0.9289740762024822
12.333333333333334 0.9287973161162675
12.36111111111111 0.928620659808692
12.38888888888889 0.9284441070640138
12.416666666666666 0.928267657669432
12.444444444444445 0.9280913114150317
12.472222222222221 0.9279150680937291
12.5 0.9277389275012181
12.527777777777779 0.927562889435918
12.555555555555555 0.9273869536989219
12.583333333333334 0.9272111200939454
12.61111111111111 0.9270353884272777
12.63888888888889 0.9268597585077323
12.666666666666666 0.9266842301465994
12.694444444444445 0.9265088031575992
12.722222222222221 0.9263334773568341
12.75 0.9261582525627462
12.777777777777779 0.92598312859607
12.805555555555555 0.9258081052797908
12.833333333333334 0.9256331824391012
12.86111111111111 0.9254583599013587
12.88888888888889 0.9252836374960453
12.916666666666666 0.9251090150547261
12.944444444444445 0.9249344924110101
12.972222222222221 0.9247600694005121
13.0 0.9245857458608127
13.027777777777779 0.9244115216314222
13.055555555555555 0.9242373965537427
13.083333333333334 0.9240633704710335
13.11111111111111 0.9238894432283744
13.13888888888889 0.9237156146726313
13.166666666666666 0.9235418846524225
13.194444444444445 0.9233682530180846
13.222222222222221 0.9231947196216402
13.25 0.9230212843167653
13.277777777777779 0.9228479469587583
13.305555555555555 0.9226747074045083
13.333333333333334 0.9225015655124655
13.36111111111111 0.9223285211426109
13.38888888888889 0.922155574156427
13.416666666666666 0.9219827244168695
13.444444444444445 0.9218099717883386
13.472222222222221 0.9216373161366523
13.5 0.9214647573290187
13.527777777777779 0.9212922952340094
13.555555555555555 0.9211199297215334
13.583333333333334 0.9209476606628129
13.61111111111111 0.9207754879303564
13.63888888888889 0.920603411397935
13.666666666666666 0.9204314309405589
13.694444444444445 0.9202595464344527
13.722222222222221 0.9200877577570328
13.75 0.9199160647868847
13.777777777777779 0.9197444674037408
13.805555555555555 0.9195729654884583
13.833333333333334 0.9194015589229986
13.86111111111111 0.9192302475904045
13.88888888888889 0.9190590313747818
13.916666666666666 0.9188879101612777
13.944444444444445 0.9187168838360616
13.972222222222221 0.9185459522863054
14.0 0.9183751154001647
14.027777777777779 0.9182043730667602
14.055555555555555 0.9180337251761591
14.083333333333334 0.9178631716193573
14.11111111111111 0.9176927122882621
14.13888888888889 0.9175223470756747
14.166666666666666 0.9173520758752733
14.194444444444445 0.9171818985815969
14.222222222222221 0.9170118150900284
14.25 0.916841825296779
14.277777777777779 0.9166719290988734
14.305555555555555 0.9165021263941326
14.333333333333334 0.9163324170811612
14.36111111111111 0.9161628010593311
14.38888888888889 0.9159932782287679
14.416666666666666 0.9158238484903356
14.444444444444445 0.9156545117456246
14.472222222222221 0.9154852678969367
14.5 0.9153161168472723
14.527777777777779 0.9151470585003173
14.555555555555555 0.9149780927604302
14.583333333333334 0.9148092195326303
14.61111111111111 0.9146404387225839
14.63888888888889 0.9144717502365942
14.666666666666666 0.9143031539815878
14.694444444444445 0.9141346498651041
14.722222222222221 0.9139662377952835
14.75 0.913797917680857
14.777777777777779 0.9136296894311349
14.805555555555555 0.913461552955995
14.833333333333334 0.9132935081658744
14.86111111111111 0.9131255549717576
14.88888888888889 0.912957693285167
14.916666666666666 0.9127899230181528
14.944444444444445 0.9126222440832837
14.972222222222221 0.9124546563936375
15.0 0.9122871598627915
15.027777777777779 0.9121197544048134
15.055555555555555 0.9119524399342523
15.083333333333334 0.9117852163661313
15.11111111111111 0.911618083615937
15.13888888888889 0.9114510415996121
15.166666666666666 0.9112840902335476
15.194444444444445 0.9111172294345738
15.222222222222221 0.9109504591199533
15.25 0.9107837792073725
15.277777777777779 0.910617189614935
15.305555555555555 0.9104506902611531
15.333333333333334 0.9102842810649412
15.36111111111111 0.9101179619456083
15.38888888888889 0.9099517328228521
15.416666666666666 0.9097855936167504
15.444444444444445 0.9096195442477556
15.472222222222221 0.9094535846366884
15.5 0.9092877147047298
15.527777777777779 0.9091219343734169
15.555555555555555 0.908956243564635
15.583333333333334 0.9087906422006125
15.61111111111111 0.9086251302039144
15.63888888888889 0.9084597074974372
15.666666666666666 0.9082943740044027
15.694444444444445 0.908129129648352
15.722222222222221 0.9079639743531412
15.75 0.9077989080429351
15.777777777777779 0.9076339306422022
15.805555555555555 0.9074690420757097
15.833333333333334 0.9073042422685185
15.86111111111111 0.9071395311459776
15.88888888888889 0.9069749086337203
15.916666666666666 0.9068103746576592
15.944444444444445 0.9066459291439808
15.972222222222221 0.9064815720191415
16.0 0.9063173032098635
16.02777777777778 0.9061531226431294
16.055555555555557 0.9059890302461795
16.083333333333332 0.9058250259465062
16.11111111111111 0.9056611096718499
16.13888888888889 0.9054972813501964
16.166666666666668 0.9053335409097715
16.194444444444443 0.9051698882790375
16.22222222222222 0.9050063233866902
16.25 0.9048428461616538
16.27777777777778 0.9046794565330784
16.305555555555557 0.904516154430336
16.333333333333332 0.9043529397830176
16.36111111111111 0.9041898125209282
16.38888888888889 0.9040267725740858
16.416666666666668 0.9038638198727157
16.444444444444443 0.9037009543472492
16.47222222222222 0.9035381759283192
16.5 0.903375484546758
16.52777777777778 0.9032128801335935
16.555555555555557 0.9030503626200469
16.583333333333332 0.9028879319375295
16.61111111111111 0.9027255880176395
16.63888888888889 0.9025633307921601
16.666666666666668 0.9024011601930559
16.694444444444443 0.9022390761524709
16.72222222222222 0.9020770786027252
16.75 0.9019151674763132
16.77777777777778 0.9017533427059004
16.805555555555557 0.9015916042243213
16.833333333333332 0.9014299519645766
16.86111111111111 0.9012683858598319
16.88888888888889 0.901106905843414
16.916666666666668 0.9009455118488096
16.944444444444443 0.9007842038096623
16.97222222222222 0.9006229816597712
17.0 0.9004618453330884
17.02777777777778 0.900300794763717
17.055555555555557 0.9001398298859087
17.083333333333332 0.8999789506340624
17.11111111111111 0.8998181569427214
17.13888888888889 0.8996574487465722
17.166666666666668 0.8994968259804427
17.194444444444443 0.8993362885792997
17.22222222222222 0.8991758364782475
17.25 0.8990154696125262
17.27777777777778 0.8988551879175094
17.305555555555557 0.8986949913287032
17.333333333333332 0.8985348797817442
17.36111111111111 0.8983748532123974
17.38888888888889 0.898214911556556
17.416666666666668 0.8980550547502378
17.444444444444443 0.8978952827295861
17.47222222222222 0.8977355954308652
17.5 0.8975759927904619
17.52777777777778 0.8974164747448818
17.555555555555557 0.8972570412307496
17.583333333333332 0.8970976921848062
17.61111111111111 0.8969384275439085
17.63888888888889 0.8967792472450271
17.666666666666668 0.8966201512252461
17.694444444444443 0.8964611394217606
17.72222222222222 0.8963022117718766
17.75 0.8961433682130089
17.77777777777778 0.8959846086826798
17.805555555555557 0.8958259331185187
17.833333333333332 0.8956673414582605
17.86111111111111 0.895508833639745
17.88888888888889 0.8953504096009142
17.916666666666668 0.895192069279813
17.944444444444443 0.8950338126145874
17.97222222222222 0.8948756395434831
18.0 0.8947175500048454
18.02777777777778 0.8945595439371171
18.055555555555557 0.8944016212788382
18.083333333333332 0.8942437819686447
18.11111111111111 0.8940860259452679
18.13888888888889 0.893928353147533
18.166666666666668 0.8937707635143589
18.194444444444443 0.8936132569847564
18.22222222222222 0.8934558334978279
18.25 0.8932984929927666
18.27777777777778 0.8931412354088554
18.305555555555557 0.8929840606854662
18.333333333333332 0.8928269687620588
18.36111111111111 0.8926699595781805
18.38888888888889 0.8925130330734655
18.416666666666668 0.8923561891876333
18.444444444444443 0.8921994278604886
18.47222222222222 0.8920427490319206
18.5 0.8918861526419017
18.52777777777778 0.8917296386304877
18.555555555555557 0.8915732069378163
18.583333333333332 0.8914168575041066
18.61111111111111 0.8912605902696589
18.63888888888889 0.8911044051748533
18.666666666666668 0.8909483021601498
18.694444444444443 0.8907922811660871
18.72222222222222 0.8906363421332824
18.75 0.8904804850024304
18.77777777777778 0.890324709714303
18.805555555555557 0.8901690162097484
18.833333333333332 0.8900134044296917
18.86111111111111 0.8898578743151321
18.88888888888889 0.8897024258071442
18.916666666666668 0.8895470588468773
18.944444444444443 0.8893917733755541
18.97222222222222 0.8892365693344703
19.0 0.8890814466649948
19.02777777777778 0.8889264053085686
19.055555555555557 0.8887714452067046
19.083333333333332 0.8886165663009868
19.11111111111111 0.88846176853307
19.13888888888889 0.8883070518446796
19.166666666666668 0.8881524161776106
19.194444444444443 0.8879978614737276
19.22222222222222 0.8878433876749643
19.25 0.8876889947233229
19.27777777777778 0.8875346825608736
19.305555555555557 0.8873804511297549
19.333333333333332 0.887226300372172
19.36111111111111 0.8870722302303972
19.38888888888889 0.8869182406467697
19.416666666666668 0.8867643315636947
19.444444444444443 0.8866105029236429
19.47222222222222 0.8864567546691511
19.5 0.8863030867428202
19.52777777777778 0.8861494990873168
19.555555555555557 0.8859959916453715
19.583333333333332 0.8858425643597786
19.61111111111111 0.8856892171733963
19.63888888888889 0.8855359500291463
19.666666666666668 0.8853827628700136
19.694444444444443 0.8852296556390451
19.72222222222222 0.8850766282793506
19.75 0.884923680734102
19.77777777777778 0.8847708129465327
19.805555555555557 0.8846180248599381
19.833333333333332 0.8844653164176742
19.86111111111111 0.8843126875631583
19.88888888888889 0.8841601382398679
19.916666666666668 0.8840076683913415
19.944444444444443 0.8838552779611771
19.97222222222222 0.8837029668930327
20.0 0.8835507351306262
20.02777777777778 0.8833985826177342
20.055555555555557 0.8832465092981925
20.083333333333332 0.8830945151158958
20.11111111111111 0.8829426000147974
20.13888888888889 0.8827907639389087
20.166666666666668 0.8826390068322992
20.194444444444443 0.8824873286390966
20.22222222222222 0.8823357293034855
20.25 0.8821842087697084
20.27777777777778 0.8820327669820646
20.305555555555557 0.8818814038849109
20.333333333333332 0.8817301194226601
20.36111111111111 0.881578913539782
20.38888888888889 0.8814277861808024
20.416666666666668 0.8812767372903036
20.444444444444443 0.8811257668129232
20.47222222222222 0.8809748746933549
20.5 0.8808240608763479
20.52777777777778 0.8806733253067066
20.555555555555557 0.8805226679292907
20.583333333333332 0.8803720886890144
20.61111111111111 0.880221587530847
20.63888888888889 0.8800711643998124
20.666666666666668 0.8799208192409885
20.694444444444443 0.8797705519995083
20.72222222222222 0.8796203626205579
20.75 0.8794702510493777
20.77777777777778 0.8793202172312619
20.805555555555557 0.8791702611115577
20.833333333333332 0.8790203826356666
20.86111111111111 0.8788705817490428
20.88888888888889 0.8787208583971936
20.916666666666668 0.8785712125256789
20.944444444444443 0.8784216440801121
20.97222222222222 0.8782721530061588
21.0 0.8781227392495371
21.02777777777778 0.8779734027560171
21.055555555555557 0.8778241434714221
21.083333333333332 0.8776749613416265
21.11111111111111 0.8775258563125568
21.13888888888889 0.8773768283301913
21.166666666666668 0.8772278773405598
21.194444444444443 0.8770790032897444
21.22222222222222 0.8769302061238774
21.25 0.8767814857891431
21.27777777777778 0.8766328422317768
21.305555555555557 0.8764842753980645
21.333333333333332 0.8763357852343434
21.36111111111111 0.8761873716870014
21.38888888888889 0.8760390347024767
21.416666666666668 0.875890774227258
21.444444444444443 0.8757425902078849
21.47222222222222 0.8755944825909469
21.5 0.8754464513230835
21.52777777777778 0.8752984963509844
21.555555555555557 0.8751506176213897
21.583333333333332 0.8750028150810883
21.61111111111111 0.8748550886769196
21.63888888888889 0.8747074383557724
21.666666666666668 0.874559864064585
21.694444444444443 0.8744123657503448
21.72222222222222 0.8742649433600886
21.75 0.8741175968409027
21.77777777777778 0.8739703261399222
21.805555555555557 0.8738231312043311
21.833333333333332 0.8736760119813622
21.86111111111111 0.8735289684182979
21.88888888888889 0.873382000462468
21.916666666666668 0.8732351080612519
21.944444444444443 0.873088291162077
21.97222222222222 0.8729415497124192
22.0 0.8727948836598027
22.02777777777778 0.8726482929518
22.055555555555557 0.8725017775360314
22.083333333333332 0.8723553373601655
22.11111111111111 0.8722089723719187
22.13888888888889 0.8720626825190557
22.166666666666668 0.8719164677493886
22.194444444444443 0.8717703280107769
22.22222222222222 0.8716242632511282
22.25 0.8714782734183973
22.27777777777778 0.8713323584605868
22.305555555555557 0.871186518325746
22.333333333333332 0.8710407529619723
22.36111111111111 0.8708950623174091
22.38888888888889 0.8707494463402481
22.416666666666668 0.8706039049787277
22.444444444444443 0.8704584381811331
22.47222222222222 0.8703130458957958
22.5 0.8701677280710952
22.52777777777778 0.8700224846554568
22.555555555555557 0.8698773155973525
22.583333333333332 0.8697322208453016
22.61111111111111 0.8695872003478686
22.63888888888889 0.8694422540536656
22.666666666666668 0.8692973819113508
22.694444444444443 0.8691525838696279
22.72222222222222 0.8690078598772478
22.75 0.8688632098830071
22.77777777777778 0.8687186338357484
22.805555555555557 0.8685741316843603
22.833333333333332 0.8684297033777774
22.86111111111111 0.8682853488649798
22.88888888888889 0.8681410680949939
22.916666666666668 0.8679968610168917
22.944444444444443 0.8678527275797905
22.97222222222222 0.8677086677328535
23.0 0.867564681425289
23.02777777777778 0.8674207686063514
23.055555555555557 0.8672769292253404
23.083333333333332 0.8671331632316001
23.11111111111111 0.8669894705745207
23.13888888888889 0.8668458512035375
23.166666666666668 0.8667023050681307
23.194444444444443 0.8665588321178256
23.22222222222222 0.8664154323021928
23.25 0.8662721055708472
23.27777777777778 0.8661288518734492
23.305555555555557 0.8659856711597036
23.333333333333332 0.8658425633793603
23.36111111111111 0.8656995284822138
23.38888888888889 0.8655565664181025
23.416666666666668 0.8654136771369108
23.444444444444443 0.8652708605885662
23.47222222222222 0.8651281167230415
23.5 0.8649854454903535
23.52777777777778 0.8648428468405638
23.555555555555557 0.8647003207237777
23.583333333333332 0.8645578670901448
23.61111111111111 0.8644154858898594
23.63888888888889 0.8642731770731592
23.666666666666668 0.8641309405903265
23.694444444444443 0.8639887763916871
23.72222222222222 0.8638466844276114
23.75 0.8637046646485129
23.77777777777778 0.8635627170048495
23.805555555555557 0.8634208414471227
23.833333333333332 0.8632790379258775
23.86111111111111 0.8631373063917028
23.88888888888889 0.8629956467952311
23.916666666666668 0.8628540590871384
23.944444444444443 0.8627125432181441
23.97222222222222 0.862571099139011
24.0 0.8624297268005455
