0.0 1.0
0.027777777777777776 0.992966437613363
0.05555555555555555 0.9885058256669513
0.08333333333333333 0.9850881827535679
0.1111111111111111 0.9822846069958123
0.1388888888888889 0.9799145506246595
0.16666666666666666 0.9778796829046492
0.19444444444444445 0.9761161020991621
0.2222222222222222 0.9745773069336869
0.25 0.9732271565158641
0.2777777777777778 0.9720365268763933
0.3055555555555556 0.9709814784143742
0.3333333333333333 0.9700421076840497
0.3611111111111111 0.9692017485445777
0.3888888888888889 0.9684463760511032
0.4166666666666667 0.9677641423496272
0.4444444444444444 0.9671450062657214
0.4722222222222222 0.9665804332670899
0.5 0.9660631501413054
0.5277777777777778 0.9655869431083243
0.5555555555555556 0.9651464908634126
0.5833333333333334 0.964737225955928
0.6111111111111112 0.9643552192995659
0.6388888888888888 0.9639970836591482
0.6666666666666666 0.9636598927697522
0.6944444444444444 0.963341113379788
0.7222222222222222 0.9630385480135029
0.75 0.9627502866507532
0.7777777777777778 0.9624746658452135
0.8055555555555556 0.9622102340633195
0.8333333333333334 0.9619557222381226
0.8611111111111112 0.9617100187047843
0.8888888888888888 0.9614721478255481
0.9166666666666666 0.9612412517277541
0.9444444444444444 0.9610165746737078
0.9722222222222222 0.9607974496597937
1.0 0.9605832869072749
1.0277777777777777 0.960373563961167
1.0555555555555556 0.960167817158439
1.0833333333333333 0.9599656342642038
1.1111111111111112 0.9597666481057732
1.1388888888888888 0.9595705310606232
1.1666666666666667 0.9593769902762105
1.1944444444444444 0.9591857635180163
1.2222222222222223 0.9589966155576871
1.25 0.9588093350262045
1.2777777777777777 0.9586237316680593
1.3055555555555556 0.9584396339417246
1.3333333333333333 0.958256886919633
1.3611111111111112 0.9580753504475661
1.3888888888888888 0.9578948975290525
1.4166666666666667 0.9577154129052263
1.4444444444444444 0.9575367918047096
1.4722222222222223 0.9573589388416189
1.5 0.9571817670427825
1.5277777777777777 0.9570051969878454
1.5555555555555556 0.9568291560481264
1.5833333333333333 0.9566535777119866
1.6111111111111112 0.9564784009860889
1.6388888888888888 0.9563035698633164
1.6666666666666667 0.9561290328493283
1.6944444444444444 0.9559547425407519
1.7222222222222223 0.9557806552489149
1.75 0.9556067306637838
1.7777777777777777 0.9554329315534463
1.8055555555555556 0.9552592234950547
1.8333333333333333 0.9550855746336451
1.8611111111111112 0.9549119554656869
1.8888888888888888 0.9547383386445949
1.9166666666666667 0.9545646988057661
1.9444444444444444 0.9543910124089942
1.9722222222222223 0.9542172575963623
2.0 0.9540434140639384
2.0277777777777777 0.9538694629457898
2.0555555555555554 0.9536953867089994
2.0833333333333335 0.9535211690585238
2.111111111111111 0.95334679485085
2.138888888888889 0.9531722500155339
2.1666666666666665 0.9529975214838028
2.1944444444444446 0.9528225971234929
2.2222222222222223 0.9526474656796667
2.25 0.9524721167203343
2.2777777777777777 0.9522965405867633
2.3055555555555554 0.952120728347907
2.3333333333333335 0.9519446717585426
2.361111111111111 0.9517683632207481
2.388888888888889 0.9515917957483848
2.4166666666666665 0.9514149629342907
2.4444444444444446 0.9512378589199152
2.4722222222222223 0.9510604783671591
2.5 0.9508828164322083
2.5277777777777777 0.950704868741159
2.5555555555555554 0.950526631367277
2.5833333333333335 0.950348100809723
2.611111111111111 0.9501692739736122
2.638888888888889 0.9499901481512839
2.6666666666666665 0.9498107210046628
2.6944444444444446 0.949630990548621
2.7222222222222223 0.9494509551352406
2.75 0.949270613438907
2.7777777777777777 0.9490899644421481
2.8055555555555554 0.948909007422167
2.8333333333333335 0.9487277419379991
2.861111111111111 0.9485461678182474
2.888888888888889 0.9483642851493482
2.9166666666666665 0.9481820942643268
2.9444444444444446 0.9479995957319993
2.9722222222222223 0.9478167903465959
3.0 0.947633679117771
3.0277777777777777 0.94745026326097
3.0555555555555554 0.947266544188141
3.0833333333333335 0.947082523498752
3.111111111111111 0.9468982029711129
3.138888888888889 0.9467135845539734
3.1666666666666665 0.9465286703583863
3.1944444444444446 0.9463434626498214
3.2222222222222223 0.9461579638405195
3.25 0.9459721764820754
3.2777777777777777 0.9457861032582389
3.3055555555555554 0.9455997469779264
3.3333333333333335 0.945413110568437
3.361111111111111 0.9452261970688643
3.388888888888889 0.9450390096236975
3.4166666666666665 0.944851551476608
3.4444444444444446 0.9446638259644172
3.4722222222222223 0.9444758365112373
3.5 0.9442875866227857
3.5277777777777777 0.9440990798808652
3.5555555555555554 0.9439103199380097
3.5833333333333335 0.9437213105122905
3.611111111111111 0.9435320553822811
3.638888888888889 0.9433425583821761
3.6666666666666665 0.9431528233970645
3.6944444444444446 0.9429628543583525
3.7222222222222223 0.9427726552393323
3.75 0.9425822300508986
3.7777777777777777 0.9423915828374065
3.8055555555555554 0.9422007176726719
3.8333333333333335 0.9420096386561068
3.861111111111111 0.941818349908995
3.888888888888889 0.9416268555708992
3.9166666666666665 0.9414351597961987
3.9444444444444446 0.9412432667507615
3.9722222222222223 0.941051180608736
4.0 0.9408589055494757
4.027777777777778 0.9406664457545796
4.055555555555555 0.9404738054050569
4.083333333333333 0.9402809886786088
4.111111111111111 0.9400879997470243
4.138888888888889 0.9398948427736908
4.166666666666667 0.9397015219112153
4.194444444444445 0.9395080412991519
4.222222222222222 0.9393144050618387
4.25 0.9391206173063344
4.277777777777778 0.9389266821204586
4.305555555555555 0.938732603570928
4.333333333333333 0.9385383857015905
4.361111111111111 0.9383440325317537
4.388888888888889 0.9381495480545996
4.416666666666667 0.937954936235694
4.444444444444445 0.937760201011578
4.472222222222222 0.9375653462884431
4.5 0.9373703759408889
4.527777777777778 0.9371752938107603
4.555555555555555 0.9369801037060563
4.583333333333333 0.936784809399919
4.611111111111111 0.9365894146296888
4.638888888888889 0.9363939230960311
4.666666666666667 0.9361983384621302
4.694444444444445 0.9360026643529451
4.722222222222222 0.9358069043545331
4.75 0.9356110620134241
4.777777777777778 0.9354151408360619
4.805555555555555 0.9352191442882962
4.833333333333333 0.9350230757949299
4.861111111111111 0.9348269387393147
4.888888888888889 0.9346307364630019
4.916666666666667 0.9344344722654351
4.944444444444445 0.9342381494036895
4.972222222222222 0.9340417710922584
5.0 0.933845340502875
5.027777777777778 0.93364886076438
5.055555555555555 0.9334523349626234
5.083333333333333 0.9332557661404047
5.111111111111111 0.9330591572974463
5.138888888888889 0.9328625113903988
5.166666666666667 0.9326658313328828
5.194444444444445 0.9324691199955537
5.222222222222222 0.9322723802062004
5.25 0.9320756147498654
5.277777777777778 0.9318788263689963
5.305555555555555 0.9316820177636167
5.333333333333333 0.9314851915915223
5.361111111111111 0.9312883504684976
5.388888888888889 0.931091496968551
5.416666666666667 0.9308946336241727
5.444444444444445 0.9306977629266081
5.472222222222222 0.930500887326147
5.5 0.93030400923243
5.527777777777778 0.9301071310147699
5.555555555555555 0.9299102550024843
5.583333333333333 0.9297133834852442
5.611111111111111 0.9295165187134307
5.638888888888889 0.9293196628985035
5.666666666666667 0.9291228182133837
5.694444444444445 0.9289259867928383
5.722222222222222 0.9287291707338788
5.75 0.9285323720961642
5.777777777777778 0.9283355929024139
5.805555555555555 0.9281388351388229
5.833333333333333 0.9279421007554858
5.861111111111111 0.9277453916668241
5.888888888888889 0.9275487097520194
5.916666666666667 0.9273520568554463
5.944444444444445 0.9271554347871145
5.972222222222222 0.926958845323109
6.0 0.9267622902060332
6.027777777777778 0.9265657711454542
6.055555555555555 0.9263692898183521
6.083333333333333 0.9261728478695639
6.111111111111111 0.9259764469122331
6.138888888888889 0.9257800885282592
6.166666666666667 0.9255837742687405
6.194444444444445 0.9253875056544277
6.222222222222222 0.9251912841761645
6.25 0.9249951112953351
6.277777777777778 0.9247989884443049
6.305555555555555 0.9246029170268646
6.333333333333333 0.9244068984186675
6.361111111111111 0.9242109339676668
6.388888888888889 0.9240150249945508
6.416666666666667 0.9238191727931716
6.444444444444445 0.923623378630978
6.472222222222222 0.9234276437494361
6.5 0.9232319693644557
6.527777777777778 0.9230363566668055
6.555555555555555 0.9228408068225304
6.583333333333333 0.922645320973362
6.611111111111111 0.922449900237126
6.638888888888889 0.9222545457081452
6.666666666666667 0.9220592584576399
6.694444444444445 0.9218640395341219
6.722222222222222 0.9216688899637872
6.75 0.9214738107509
6.777777777777778 0.9212788028781769
6.805555555555555 0.921083867307165
6.833333333333333 0.9208890049786118
6.861111111111111 0.9206942168128385
6.888888888888889 0.9204995037100998
6.916666666666667 0.9203048665509468
6.944444444444445 0.9201103061965792
6.972222222222222 0.9199158234891956
7.0 0.9197214192523409
7.027777777777778 0.9195270942912436
7.055555555555555 0.919332849393155
7.083333333333333 0.9191386853276768
7.111111111111111 0.918944602847092
7.138888888888889 0.9187506026866811
7.166666666666667 0.918556685565044
7.194444444444445 0.9183628521844094
7.222222222222222 0.918169103230942
7.25 0.9179754393750481
7.277777777777778 0.9177818612716704
7.305555555555555 0.9175883695605839
7.333333333333333 0.9173949648666851
7.361111111111111 0.9172016478002738
7.388888888888889 0.9170084189573353
7.416666666666667 0.9168152789198156
7.444444444444445 0.9166222282558906
7.472222222222222 0.9164292675202333
7.5 0.9162363972542776
7.527777777777778 0.9160436179864737
7.555555555555555 0.9158509302325407
7.583333333333333 0.9156583344957194
7.611111111111111 0.9154658312670126
7.638888888888889 0.9152734210254289
7.666666666666667 0.9150811042382181
7.694444444444445 0.9148888813611035
7.722222222222222 0.9146967528385102
7.75 0.9145047191037898
7.777777777777778 0.9143127805794403
7.805555555555555 0.9141209376773226
7.833333333333333 0.9139291907988727
7.861111111111111 0.913737540335312
7.888888888888889 0.9135459866678508
7.916666666666667 0.9133545301678899
7.944444444444445 0.9131631711972183
7.972222222222222 0.9129719101082086
8.0 0.9127807472440048
8.027777777777779 0.9125896829387117
8.055555555555555 0.9123987175175772
8.083333333333334 0.9122078512971727
8.11111111111111 0.9120170845855695
8.13888888888889 0.911826417682514
8.166666666666666 0.9116358508795949
8.194444444444445 0.9114453844604132
8.222222222222221 0.9112550187007432
8.25 0.9110647538686967
8.277777777777779 0.9108745902248774
8.305555555555555 0.9106845280225367
8.333333333333334 0.9104945675077271
8.36111111111111 0.9103047089194474
8.38888888888889 0.9101149524897926
8.416666666666666 0.9099252984440946
8.444444444444445 0.9097357470010629
8.472222222222221 0.909546298372923
8.5 0.9093569527655508
8.527777777777779 0.909167710378604
8.555555555555555 0.908978571405654
8.583333333333334 0.9087895360343116
8.61111111111111 0.9086006044463519
8.63888888888889 0.9084117768178375
8.666666666666666 0.908223053319235
8.694444444444445 0.9080344341155379
8.722222222222221 0.9078459193663768
8.75 0.9076575092261356
8.777777777777779 0.9074692038440604
8.805555555555555 0.9072810033643671
8.833333333333334 0.9070929079263498
8.86111111111111 0.9069049176644844
8.88888888888889 0.9067170327085299
8.916666666666666 0.9065292531836273
8.944444444444445 0.906341579210401
8.972222222222221 0.906154010905051
9.0 0.9059665483794498
9.027777777777779 0.9057791917412324
9.055555555555555 0.9055919410938882
9.083333333333334 0.9054047965368492
9.11111111111111 0.9052177581655755
9.13888888888889 0.9050308260716419
9.166666666666666 0.9048440003428201
9.194444444444445 0.9046572810631603
9.222222222222221 0.904470668313071
9.25 0.9042841621693968
9.277777777777779 0.904097762705496
9.305555555555555 0.9039114699913153
9.333333333333334 0.9037252840934626
9.36111111111111 0.9035392050752797
9.38888888888889 0.9033532329969128
9.416666666666666 0.9031673679153803
9.444444444444445 0.902981609884643
9.472222222222221 0.9027959589556678
9.5 0.9026104151764932
9.527777777777779 0.9024249785922943
9.555555555555555 0.9022396492454425
9.583333333333334 0.9020544271755689
9.61111111111111 0.9018693124196223
9.63888888888889 0.901684305011928
9.666666666666666 0.9014994049842457
9.694444444444445 0.9013146123658242
9.722222222222221 0.9011299271834589
9.75 0.9009453494615407
9.777777777777779 0.9007608792221146
9.805555555555555 0.9005765164849256
9.833333333333334 0.9003922612674733
9.86111111111111 0.9002081135850588
9.88888888888889 0.9000240734508346
9.916666666666666 0.8998401408758503
9.944444444444445 0.8996563158691003
9.972222222222221 0.8994725984375692
10.0 0.8992889885862744
10.027777777777779 0.8991054863183119
10.055555555555555 0.8989220916348978
10.083333333333334 0.8987388045354088
10.11111111111111 0.8985556250174256
10.13888888888889 0.8983725530767712
10.166666666666666 0.8981895887075502
10.194444444444445 0.8980067319021862
10.222222222222221 0.897823982651461
10.25 0.8976413409445506
10.277777777777779 0.8974588067690599
10.305555555555555 0.8972763801110604
10.333333333333334 0.8970940609551218
10.36111111111111 0.8969118492843474
10.38888888888889 0.8967297450804067
10.416666666666666 0.8965477483235674
10.444444444444445 0.8963658589927276
10.472222222222221 0.896184077065446
10.5 0.8960024025179724
10.527777777777779 0.895820835325277
10.555555555555555 0.89563937546108
10.583333333333334 0.89545802289788
10.61111111111111 0.8952767776069811
10.63888888888889 0.8950956395585211
10.666666666666666 0.8949146087214961
10.694444444444445 0.8947336850637891
10.722222222222221 0.8945528685521943
10.75 0.8943721591524404
10.777777777777779 0.8941915568292192
10.805555555555555 0.8940110615462044
10.833333333333334 0.8938306732660783
10.86111111111111 0.8936503919505547
10.88888888888889 0.8934702175603999
10.916666666666666 0.8932901500554544
10.944444444444445 0.8931101893946566
10.972222222222221 0.8929303355360607
11.0 0.8927505884368597
11.027777777777779 0.8925709480534046
11.055555555555555 0.8923914143412239
11.083333333333334 0.8922119872550435
11.11111111111111 0.8920326667488044
11.13888888888889 0.8918534527756816
11.166666666666666 0.8916743452881039
11.194444444444445 0.8914953442377681
11.222222222222221 0.8913164495756599
11.25 0.8911376612520678
11.277777777777779 0.8909589792166018
11.305555555555555 0.8907804034182083
11.333333333333334 0.8906019338051862
11.36111111111111 0.8904235703252027
11.38888888888889 0.8902453129253085
11.416666666666666 0.8900671615519526
11.444444444444445 0.8898891161509959
11.472222222222221 0.8897111766677273
11.5 0.8895333430468767
11.527777777777779 0.8893556152326262
11.555555555555555 0.8891779931686284
11.583333333333334 0.8890004767980149
11.61111111111111 0.8888230660634112
11.63888888888889 0.8886457609069492
11.666666666666666 0.8884685612702785
11.694444444444445 0.8882914670945796
11.722222222222221 0.8881144783205734
11.75 0.8879375948885355
11.777777777777779 0.8877608167383052
11.805555555555555 0.8875841438092973
11.833333333333334 0.8874075760405126
11.86111111111111 0.8872311133705482
11.88888888888889 0.887054755737609
11.916666666666666 0.8868785030795155
11.944444444444445 0.8867023553337154
11.972222222222221 0.8865263124372927
12.0 0.8863503743269772
12.027777777777779 0.8861745409391537
12.055555555555555 0.88599881220987
12.083333333333334 0.8858231880748468
12.11111111111111 0.8856476684694867
12.13888888888889 0.8854722533288809
12.166666666666666 0.8852969425878197
12.194444444444445 0.885121736180798
12.222222222222221 0.8849466340420251
12.25 0.8847716361054327
12.277777777777779 0.8845967423046804
12.305555555555555 0.8844219525731647
12.333333333333334 0.8842472668440264
12.36111111111111 0.8840726850501557
12.38888888888889 0.8838982071242019
12.416666666666666 0.8837238329985777
12.444444444444445 0.8835495626054676
12.472222222222221 0.8833753958768328
12.5 0.883201332744419
12.527777777777779 0.8830273731397621
12.555555555555555 0.8828535169941937
12.583333333333334 0.8826797642388472
12.61111111111111 0.8825061148046645
12.63888888888889 0.8823325686224007
12.666666666666666 0.8821591256226299
12.694444444444445 0.8819857857357508
12.722222222222221 0.8818125488919915
12.75 0.881639415021416
12.777777777777779 0.8814663840539275
12.805555555555555 0.8812934559192747
12.833333333333334 0.8811206305470561
12.86111111111111 0.8809479078667245
12.88888888888889 0.8807752878075928
12.916666666666666 0.8806027702988377
12.944444444444445 0.8804303552695035
12.972222222222221 0.8802580426485069
13.0 0.8800858323646427
13.027777777777779 0.8799137243465862
13.055555555555555 0.8797417185228981
13.083333333333334 0.8795698148220271
13.11111111111111 0.8793980131723172
13.13888888888889 0.8792263135020075
13.166666666666666 0.8790547157392383
13.194444444444445 0.8788832198120542
13.222222222222221 0.8787118256484068
13.25 0.8785405331761603
13.277777777777779 0.8783693423230925
13.305555555555555 0.8781982530168998
13.333333333333334 0.8780272651852002
13.36111111111111 0.8778563787555359
13.38888888888889 0.877685593655376
13.416666666666666 0.8775149098121214
13.444444444444445 0.8773443271531062
13.472222222222221 0.8771738456056014
13.5 0.8770034650968161
13.527777777777779 0.8768331855539034
13.555555555555555 0.8766630069039616
13.583333333333334 0.8764929290740341
13.61111111111111 0.8763229519911172
13.63888888888889 0.876153075582159
13.666666666666666 0.8759832997740621
13.694444444444445 0.8758136244936888
13.722222222222221 0.8756440496678597
13.75 0.8754745752233593
13.777777777777779 0.8753052010869354
13.805555555555555 0.8751359271853033
13.833333333333334 0.874966753445149
13.86111111111111 0.8747976797931278
13.88888888888889 0.8746287061558693
13.916666666666666 0.8744598324599785
13.944444444444445 0.874291058632038
13.972222222222221 0.8741223845986094
14.0 0.8739538102862358
14.027777777777779 0.8737853356214439
14.055555555555555 0.8736169605307449
14.083333333333334 0.8734486849406368
14.11111111111111 0.8732805087776058
14.13888888888889 0.8731124319681298
14.166666666666666 0.8729444544386766
14.194444444444445 0.8727765761157099
14.222222222222221 0.872608796925686
14.25 0.8724411167950595
14.277777777777779 0.8722735356502825
14.305555555555555 0.8721060534178078
14.333333333333334 0.8719386700240879
14.36111111111111 0.8717713853955792
14.38888888888889 0.8716041994587411
14.416666666666666 0.8714371121400393
14.444444444444445 0.8712701233659449
14.472222222222221 0.8711032330629388
14.5 0.8709364411575087
14.527777777777779 0.8707697475761549
14.555555555555555 0.8706031522453881
14.583333333333334 0.8704366550917331
14.61111111111111 0.8702702560417275
14.63888888888889 0.8701039550219244
14.666666666666666 0.8699377519588934
14.694444444444445 0.8697716467792214
14.722222222222221 0.8696056394095137
14.75 0.8694397297763952
14.777777777777779 0.8692739178065112
14.805555555555555 0.8691082034265274
14.833333333333334 0.8689425865631337
14.86111111111111 0.8687770671430418
14.88888888888889 0.8686116450929886
14.916666666666666 0.868446320339736
14.944444444444445 0.8682810928100717
14.972222222222221 0.86811596243081
15.0 0.8679509291287935
15.027777777777779 0.8677859928308932
15.055555555555555 0.8676211534640095
15.083333333333334 0.867456410955073
15.11111111111111 0.8672917652310445
15.13888888888889 0.8671272162189172
15.166666666666666 0.8669627638457172
15.194444444444445 0.8667984080385017
15.222222222222221 0.8666341487243638
15.25 0.8664699858304294
15.277777777777779 0.8663059192838611
15.305555555555555 0.8661419490118557
15.333333333333334 0.8659780749416476
15.36111111111111 0.865814297000507
15.38888888888889 0.8656506151157437
15.416666666666666 0.8654870292147032
15.444444444444445 0.8653235392247716
15.472222222222221 0.8651601450733734
15.5 0.8649968466879736
15.527777777777779 0.8648336439960772
15.555555555555555 0.8646705369252304
15.583333333333334 0.8645075254030202
15.61111111111111 0.8643446093570764
15.63888888888889 0.8641817887150705
15.666666666666666 0.8640190634047178
15.694444444444445 0.8638564333537762
15.722222222222221 0.8636938984900476
15.75 0.8635314587413775
15.777777777777779 0.8633691140356579
15.805555555555555 0.8632068643008236
15.833333333333334 0.8630447094648566
15.86111111111111 0.862882649455784
15.88888888888889 0.8627206842016795
15.916666666666666 0.862558813630663
15.944444444444445 0.8623970376709023
15.972222222222221 0.8622353562506117
16.0 0.8620737692980532
16.02777777777778 0.8619122767415384
16.055555555555557 0.8617508785094249
16.083333333333332 0.8615895745301207
16.11111111111111 0.8614283647320828
16.13888888888889 0.861267249043817
16.166666666666668 0.8611062273938791
16.194444444444443 0.8609452997108741
16.22222222222222 0.860784465923459
16.25 0.8606237259603394
16.27777777777778 0.8604630797502728
16.305555555555557 0.8603025272220675
16.333333333333332 0.8601420683045821
16.36111111111111 0.8599817029267292
16.38888888888889 0.8598214310174703
16.416666666666668 0.8596612525058213
16.444444444444443 0.8595011673208489
16.47222222222222 0.8593411753916728
16.5 0.8591812766474658
16.52777777777778 0.8590214710174526
16.555555555555557 0.8588617584309115
16.583333333333332 0.8587021388171754
16.61111111111111 0.8585426121056285
16.63888888888889 0.85838317822571
16.666666666666668 0.8582238371069129
16.694444444444443 0.8580645886787841
16.72222222222222 0.857905432870925
16.75 0.857746369612991
16.77777777777778 0.8575873988346925
16.805555555555557 0.8574285204657939
16.833333333333332 0.8572697344361154
16.86111111111111 0.8571110406755318
16.88888888888889 0.8569524391139735
16.916666666666668 0.8567939296814252
16.944444444444443 0.8566355123079284
16.97222222222222 0.8564771869235798
17.0 0.8563189534585306
17.02777777777778 0.8561608118429896
17.055555555555557 0.8560027620072205
17.083333333333332 0.8558448038815435
17.11111111111111 0.8556869373963352
17.13888888888889 0.855529162482028
17.166666666666668 0.8553714790691109
17.194444444444443 0.8552138870881295
17.22222222222222 0.8550563864696861
17.25 0.8548989771444393
17.27777777777778 0.8547416590431057
17.305555555555557 0.8545844320964564
17.333333333333332 0.8544272962353224
17.36111111111111 0.8542702513905895
17.38888888888889 0.8541132974932023
17.416666666666668 0.8539564344741615
17.444444444444443 0.853799662264526
17.47222222222222 0.8536429807954105
17.5 0.8534863899979885
17.52777777777778 0.8533298898034909
17.555555555555557 0.8531734801432063
17.583333333333332 0.8530171609484798
17.61111111111111 0.8528609321507156
17.63888888888889 0.8527047936813743
17.666666666666668 0.8525487454719763
17.694444444444443 0.8523927874540972
17.72222222222222 0.8522369195593724
17.75 0.8520811417194947
17.77777777777778 0.8519254538662151
17.805555555555557 0.8517698559313419
17.833333333333332 0.8516143478467424
17.86111111111111 0.8514589295443421
17.88888888888889 0.8513036009561229
17.916666666666668 0.8511483620141271
17.944444444444443 0.8509932126504539
17.97222222222222 0.8508381527972609
18.0 0.8506831823867644
18.02777777777778 0.8505283013512389
18.055555555555557 0.8503735096230167
18.083333333333332 0.8502188071344887
18.11111111111111 0.8500641938181049
18.13888888888889 0.8499096696063725
18.166666666666668 0.8497552344318579
18.194444444444443 0.8496008882271854
18.22222222222222 0.8494466309250385
18.25 0.8492924624581585
18.27777777777778 0.8491383827593448
18.305555555555557 0.8489843917614568
18.333333333333332 0.8488304893974105
18.36111111111111 0.8486766756001815
18.38888888888889 0.8485229503028033
18.416666666666668 0.8483693134383693
18.444444444444443 0.8482157649400291
18.47222222222222 0.8480623047409929
18.5 0.8479089327745288
18.52777777777778 0.8477556489739618
18.555555555555557 0.8476024532726777
18.583333333333332 0.8474493456041201
18.61111111111111 0.8472963259017902
18.63888888888889 0.8471433940992487
18.666666666666668 0.8469905501301146
18.694444444444443 0.846837793928065
18.72222222222222 0.8466851254268359
18.75 0.8465325445602211
18.77777777777778 0.8463800512620739
18.805555555555557 0.8462276454663052
18.833333333333332 0.846075327106885
18.86111111111111 0.8459230961178408
18.88888888888889 0.8457709524332592
18.916666666666668 0.8456188959872849
18.944444444444443 0.8454669267141215
18.97222222222222 0.8453150445480302
19.0 0.845163249423331
19.02777777777778 0.8450115412744021
19.055555555555557 0.8448599200356802
19.083333333333332 0.8447083856416598
19.11111111111111 0.8445569380268947
19.13888888888889 0.8444055771259961
19.166666666666668 0.844254302873633
19.194444444444443 0.8441031152045334
19.22222222222222 0.8439520140534835
19.25 0.8438009993553273
19.27777777777778 0.8436500710449671
19.305555555555557 0.8434992290573636
19.333333333333332 0.8433484733275354
19.36111111111111 0.8431978037905584
19.38888888888889 0.8430472203815673
19.416666666666668 0.8428967230357546
19.444444444444443 0.8427463116883711
19.47222222222222 0.8425959862747252
19.5 0.8424457467301837
19.52777777777778 0.8422955929901703
19.555555555555557 0.8421455249901676
19.583333333333332 0.8419955426657154
19.61111111111111 0.8418456459524114
19.63888888888889 0.8416958347859115
19.666666666666668 0.8415461091019285
19.694444444444443 0.8413964688362342
19.72222222222222 0.8412469139246566
19.75 0.8410974443030825
19.77777777777778 0.8409480599074556
19.805555555555557 0.8407987606737775
19.833333333333332 0.8406495465381071
19.86111111111111 0.8405004174365606
19.88888888888889 0.8403513733053126
19.916666666666668 0.8402024140805945
19.944444444444443 0.8400535396986948
19.97222222222222 0.83990475009596
20.0 0.8397560452087934
20.02777777777778 0.8396074249736565
20.055555555555557 0.8394588893270662
20.083333333333332 0.8393104382055985
20.11111111111111 0.8391620715458856
20.13888888888889 0.8390137892846172
20.166666666666668 0.8388655913585402
20.194444444444443 0.8387174777044579
20.22222222222222 0.8385694482592314
20.25 0.838421502959778
20.27777777777778 0.8382736417430725
20.305555555555557 0.8381258645461463
20.333333333333332 0.8379781713060881
20.36111111111111 0.837830561960043
20.38888888888889 0.8376830364452126
20.416666666666668 0.8375355946988563
20.444444444444443 0.8373882366582893
20.47222222222222 0.8372409622608835
20.5 0.8370937714440676
20.52777777777778 0.8369466641453269
20.555555555555557 0.8367996403022032
20.583333333333332 0.8366526998522947
20.61111111111111 0.8365058427332563
20.63888888888889 0.8363590688827985
20.666666666666668 0.8362123782386895
20.694444444444443 0.8360657707387523
20.72222222222222 0.8359192463208674
20.75 0.8357728049229708
20.77777777777778 0.8356264464830553
20.805555555555557 0.8354801709391687
20.833333333333332 0.8353339782294164
20.86111111111111 0.8351878682919588
20.88888888888889 0.8350418410650124
20.916666666666668 0.8348958964868503
20.944444444444443 0.8347500344958008
20.97222222222222 0.8346042550302478
21.0 0.8344585580286323
21.02777777777778 0.8343129434294504
21.055555555555557 0.8341674111712533
21.083333333333332 0.8340219611926486
21.11111111111111 0.8338765934322995
21.13888888888889 0.8337313078289244
21.166666666666668 0.8335861043212979
21.194444444444443 0.8334409828482494
21.22222222222222 0.8332959433486642
21.25 0.833150985761483
21.27777777777778 0.8330061100257017
21.305555555555557 0.8328613160803713
21.333333333333332 0.8327166038645988
21.36111111111111 0.8325719733175458
21.38888888888889 0.8324274243784291
21.416666666666668 0.8322829569865211
21.444444444444443 0.8321385710811483
21.47222222222222 0.8319942666016935
21.5 0.8318500434875936
21.52777777777778 0.8317059016783409
21.555555555555557 0.8315618411134825
21.583333333333332 0.8314178617326198
21.61111111111111 0.8312739634754099
21.63888888888889 0.8311301462815642
21.666666666666668 0.8309864100908486
21.694444444444443 0.8308427548430841
21.72222222222222 0.8306991804781462
21.75 0.8305556869359645
21.77777777777778 0.8304122741565236
21.805555555555557 0.8302689420798628
21.833333333333332 0.8301256906460752
21.86111111111111 0.8299825197953082
21.88888888888889 0.8298394294677646
21.916666666666668 0.8296964196036997
21.944444444444443 0.8295534901434252
21.97222222222222 0.8294106410273051
22.0 0.8292678721957585
22.02777777777778 0.8291251835892581
22.055555555555557 0.8289825751483314
22.083333333333332 0.8288400468135589
22.11111111111111 0.8286975985255761
22.13888888888889 0.8285552302250712
22.166666666666668 0.828412941852787
22.194444444444443 0.82827073334952
22.22222222222222 0.8281286046561203
22.25 0.8279865557134916
22.27777777777778 0.8278445864625918
22.305555555555557 0.8277026968444317
22.333333333333332 0.8275608868000762
22.36111111111111 0.8274191562706437
22.38888888888889 0.8272775051973053
22.416666666666668 0.8271359335212861
22.444444444444443 0.8269944411838646
22.47222222222222 0.8268530281263726
22.5 0.8267116942901948
22.52777777777778 0.8265704396167693
22.555555555555557 0.8264292640475879
22.583333333333332 0.8262881675241946
22.61111111111111 0.8261471499881871
22.63888888888889 0.8260062113812154
22.666666666666668 0.8258653516449838
22.694444444444443 0.8257245707212483
22.72222222222222 0.8255838685518176
22.75 0.8254432450785545
22.77777777777778 0.8253027002433737
22.805555555555557 0.8251622339882421
22.833333333333332 0.8250218462551808
22.86111111111111 0.8248815369862625
22.88888888888889 0.8247413061236126
22.916666666666668 0.8246011536094088
22.944444444444443 0.8244610793858815
22.97222222222222 0.8243210833953138
23.0 0.8241811655800406
23.02777777777778 0.8240413258824503
23.055555555555557 0.8239015642449817
23.083333333333332 0.8237618806101273
23.11111111111111 0.8236222749204315
23.13888888888889 0.8234827471184908
23.166666666666668 0.8233432971469529
23.194444444444443 0.8232039249485193
23.22222222222222 0.823064630465942
23.25 0.822925413642026
23.27777777777778 0.822786274419627
23.305555555555557 0.8226472127416531
23.333333333333332 0.8225082285510651
23.36111111111111 0.8223693217908743
23.38888888888889 0.8222304924041437
23.416666666666668 0.822091740333989
23.444444444444443 0.8219530655235765
23.47222222222222 0.8218144679161246
23.5 0.8216759474549028
23.52777777777778 0.8215375040832321
23.555555555555557 0.821399137744486
23.583333333333332 0.8212608483820876
23.61111111111111 0.8211226359395124
23.63888888888889 0.8209845003602867
23.666666666666668 0.8208464415879883
23.694444444444443 0.8207084595662464
23.72222222222222 0.8205705542387405
23.75 0.8204327255492022
23.77777777777778 0.8202949734414128
23.805555555555557 0.820157297859206
23.833333333333332 0.8200196987464654
23.86111111111111 0.8198821760471261
23.88888888888889 0.8197447297051731
23.916666666666668 0.8196073596646436
23.944444444444443 0.8194700658696245
23.97222222222222 0.8193328482642531
