0.0 0.05496674554851984
0.1111111111111111 0.49832328777928087
0.2222222222222222 0.6999306802943601
0.3333333333333333 0.8094035502740015
0.4444444444444444 0.8738911798407367
0.5555555555555556 0.9137861960404011
0.6666666666666666 0.9394498221373323
0.7777777777777778 0.956555306805053
0.8888888888888888 0.9683388825269623
1.0 0.9767025781324585
1.1111111111111112 0.9827945193091944
1.2222222222222223 0.9873260875098766
1.3333333333333333 0.9907498147565517
1.4444444444444444 0.9933613738036378
1.5555555555555556 0.9953592679943798
1.6666666666666667 0.996880477652959
1.7777777777777777 0.9980221779881413
1.8888888888888888 0.9988552345492673
2.0 0.9994327522421076
2.111111111111111 0.9997955921700693
2.2222222222222223 0.9999759949399208
2.3333333333333335 1.0
2.4444444444444446 0.9998890862237694
2.5555555555555554 0.9996613006816847
2.6666666666666665 0.9993320461478744
2.7777777777777777 0.998914638150136
2.888888888888889 0.9984207047027431
3.0 0.9978604776951859
3.111111111111111 0.9972430091412429
3.2222222222222223 0.9965763350336421
3.3333333333333335 0.9958676025041812
3.4444444444444446 0.9951231711761447
3.5555555555555554 0.9943486962680613
3.6666666666666665 0.9935491986854063
3.7777777777777777 0.9927291257063788
3.888888888888889 0.9918924047211884
4.0 0.991042491680135
4.111111111111111 0.9901824153465204
4.222222222222222 0.9893148180671524
4.333333333333333 0.9884419935162624
4.444444444444445 0.9875659217018714
4.555555555555555 0.9866883014203764
4.666666666666667 0.9858105802856263
4.777777777777778 0.9849339824285595
4.888888888888889 0.9840595339520157
5.0 0.9831880862249947
5.111111111111111 0.9823203371062179
5.222222222222222 0.981456850194703
5.333333333333333 0.9805980722130004
5.444444444444445 0.9797443486353411
5.555555555555555 0.9788959376775792
5.666666666666667 0.9780530227682052
5.777777777777778 0.9772157236199119
5.888888888888889 0.9763841060194426
6.0 0.9755581904500432
6.111111111111111 0.9747379596561084
6.222222222222222 0.9739233652539181
6.333333333333333 0.9731143334859739
6.444444444444445 0.9723107702096861
6.555555555555555 0.9715125652041963
6.666666666666667 0.970719595872196
6.777777777777778 0.9699317304068066
6.888888888888889 0.9691488304870515
7.0 0.9683707535592567
7.111111111111111 0.9675973547558901
7.222222222222222 0.9668284884979403
7.333333333333333 0.9660640098219477
7.444444444444445 0.9653037754682207
7.555555555555555 0.9645476447626145
7.666666666666667 0.9637954803204727
7.777777777777778 0.9630471485979376
7.888888888888889 0.9623025203127715
8.0 0.9615614707541149
8.11111111111111 0.9608238799981512
8.222222222222221 0.9600896330444967
8.333333333333334 0.959358619886199
8.444444444444445 0.9586307355245365
8.555555555555555 0.9579058799383023
8.666666666666666 0.9571839580159315
8.777777777777779 0.9564648794576818
8.88888888888889 0.9557485586540329
9.0 0.9550349145455992
9.11111111111111 0.9543238704690551
9.222222222222221 0.9536153539928938
9.333333333333334 0.9529092967462497
9.444444444444445 0.9522056342434954
9.555555555555555 0.9515043057068733
9.666666666666666 0.9508052538890467
9.777777777777779 0.950108424897104
9.88888888888889 0.949413768019278
10.0 0.9487212355553796
10.11111111111111 0.9480307826517465
10.222222222222221 0.9473423671413195
10.333333333333334 0.9466559493893032
10.444444444444445 0.9459714921447457
10.555555555555555 0.9452889603982527
10.666666666666666 0.9446083212459673
10.777777777777779 0.9439295437598632
10.88888888888889 0.9432525988643428
11.0 0.9425774592190704
11.11111111111111 0.9419040991079393
11.222222222222221 0.9412324943340293
11.333333333333334 0.9405626221203853
11.444444444444445 0.9398944610164383
11.555555555555555 0.9392279908098566
11.666666666666666 0.9385631924436216
11.777777777777779 0.9379000479381044
11.88888888888889 0.9372385403179208
12.0 0.9365786535433419
12.11111111111111 0.9359203724460344
12.222222222222221 0.9352636826689081
12.333333333333334 0.9346085706098586
12.444444444444445 0.933955023369189
12.555555555555555 0.9333030287005067
12.666666666666666 0.9326525749648986
12.777777777777779 0.932003651088188
12.88888888888889 0.9313562465210954
13.0 0.930710351202125
13.11111111111111 0.9300659555230069
13.222222222222221 0.9294230502965377
13.333333333333334 0.9287816267266682
13.444444444444445 0.9281416763806889
13.555555555555555 0.9275031911633844
13.666666666666666 0.926866163293021
13.777777777777779 0.9262305852790498
13.88888888888889 0.9255964499014084
14.0 0.9249637501913134
14.11111111111111 0.9243324794134447
14.222222222222221 0.9237026310494212
14.333333333333334 0.9230741987824829
14.444444444444445 0.9224471764832958
14.555555555555555 0.9218215581967933
14.666666666666666 0.9211973381299944
14.777777777777779 0.9205745106407154
14.88888888888889 0.9199530702271207
15.0 0.9193330115180505
15.11111111111111 0.9187143292640665
15.222222222222221 0.9180970183291669
15.333333333333334 0.9174810736831213
15.444444444444445 0.9168664903943793
15.555555555555555 0.9162532636235123
15.666666666666666 0.9156413886171464
15.777777777777779 0.9150308607023563
15.88888888888889 0.9144216752814776
16.0 0.9138138278273128
16.11111111111111 0.9132073138787001
16.22222222222222 0.9126021290364169
16.333333333333332 0.9119982689593942
16.444444444444443 0.9113957293612156
16.555555555555557 0.9107945060068845
16.666666666666668 0.9101945947098359
16.77777777777778 0.9095959913291732
16.88888888888889 0.9089986917671163
17.0 0.9084026919666418
17.11111111111111 0.9078079879093045
17.22222222222222 0.9072145756132207
17.333333333333332 0.9066224511312072
17.444444444444443 0.9060316105490588
17.555555555555557 0.905442049983958
17.666666666666668 0.9048537655830026
17.77777777777778 0.9042667535218459
17.88888888888889 0.9036810100034389
18.0 0.9030965312568648
18.11111111111111 0.9025133135362653
18.22222222222222 0.9019313531198414
18.333333333333332 0.9013506463089339
18.444444444444443 0.9007711894271673
18.555555555555557 0.900192978819661
18.666666666666668 0.8996160108522973
18.77777777777778 0.8990402819110406
18.88888888888889 0.8984657884013103
19.0 0.8978925267473967
19.11111111111111 0.8973204933919195
19.22222222222222 0.896749684795325
19.333333333333332 0.89618009743542
19.444444444444443 0.8956117278069375
19.555555555555557 0.8950445724211331
19.666666666666668 0.894478627805411
19.77777777777778 0.8939138905029727
19.88888888888889 0.8933503570724936
20.0 0.8927880240878173
20.11111111111111 0.8922268881376737
20.22222222222222 0.8916669458254138
20.333333333333332 0.8911081937687624
20.444444444444443 0.8905506285995861
20.555555555555557 0.8899942469636772
20.666666666666668 0.8894390455205499
20.77777777777778 0.8888850209432498
20.88888888888889 0.8883321699181725
21.0 0.8877804891448987
21.11111111111111 0.8872299753360302
21.22222222222222 0.8866806252170438
21.333333333333332 0.886132435526147
21.444444444444443 0.8855854030141453
21.555555555555557 0.8850395244443151
21.666666666666668 0.8844947965922813
21.77777777777778 0.8839512162459049
21.88888888888889 0.883408780205174
22.0 0.882867485282098
22.11111111111111 0.8823273283006107
22.22222222222222 0.8817883060964746
22.333333333333332 0.8812504155171899
22.444444444444443 0.8807136534219085
22.555555555555557 0.8801780166813497
22.666666666666668 0.8796435021777207
22.77777777777778 0.8791101068046385
22.88888888888889 0.8785778274670557
23.0 0.8780466610811883
23.11111111111111 0.8775166045744469
23.22222222222222 0.8769876548853676
23.333333333333332 0.8764598089635474
23.444444444444443 0.8759330637695811
23.555555555555557 0.8754074162749979
23.666666666666668 0.8748828634622023
23.77777777777778 0.8743594023244152
23.88888888888889 0.8738370298656152
24.0 0.8733157431004845
