0.0 0.055299368877810305
0.027777777777777776 0.24102451906225608
0.05555555555555555 0.3574566094354989
0.08333333333333333 0.4457409733569869
0.1111111111111111 0.5174331812353951
0.1388888888888889 0.5774217855735339
0.16666666666666666 0.6283740518178903
0.19444444444444445 0.6720219320161746
0.2222222222222222 0.7096232323646032
0.25 0.7421533603442992
0.2777777777777778 0.770396779745526
0.3055555555555556 0.7949972361718567
0.3333333333333333 0.8164892077128676
0.3611111111111111 0.8353197342366484
0.3888888888888889 0.8518646567644302
0.4166666666666667 0.8664412226610625
0.4444444444444444 0.8793181192915954
0.4722222222222222 0.8907235830990218
0.5 0.9008520174562851
0.5277777777777778 0.9098694302982209
0.5555555555555556 0.9179179250487013
0.5833333333333334 0.9251194252297475
0.6111111111111112 0.9315787746371186
0.6388888888888888 0.9373863260322701
0.6666666666666666 0.9426201090403808
0.6944444444444444 0.947347650549969
0.7222222222222222 0.9516275071688657
0.75 0.9555105583473055
0.7777777777777778 0.95904110000553
0.8055555555555556 0.962257771431315
0.8333333333333334 0.9651943424852605
0.8611111111111112 0.9678803834931212
0.8888888888888888 0.9703418364008325
0.9166666666666666 0.9726015026513702
0.9444444444444444 0.9746794606806689
0.9722222222222222 0.9765934238175599
1.0 0.9783590476261137
1.0277777777777777 0.9799901942809144
1.0555555555555556 0.981499160362478
1.0833333333333333 0.9828968734576685
1.1111111111111112 0.9841930621131795
1.1388888888888888 0.9853964029901213
1.1666666666666667 0.9865146484809378
1.1944444444444444 0.9875547375571029
1.2222222222222223 0.9885228922014707
1.25 0.9894247014297409
1.2777777777777777 0.9902651946105502
1.3055555555555556 0.9910489055443735
1.3333333333333333 0.9917799285501753
1.3611111111111112 0.9924619676297555
1.3888888888888888 0.9930983796275706
1.4166666666666667 0.9936922121744889
1.4444444444444444 0.9942462370937744
1.4722222222222223 0.9947629798536234
1.5 0.9952447455703399
1.5277777777777777 0.9956936419976523
1.5555555555555556 0.9961115998788713
1.5833333333333333 0.9965003909882812
1.6111111111111112 0.9968616441448722
1.6388888888888888 0.9971968594443549
1.6666666666666667 0.9975074209234314
1.6944444444444444 0.9977946078426968
1.7222222222222223 0.9980596047507482
1.75 0.9983035104715595
1.7777777777777777 0.9985273461393246
1.8055555555555556 0.9987320623896258
1.8333333333333333 0.9989185458023616
1.8611111111111112 0.9990876246802809
1.8888888888888888 0.9992400742368862
1.9166666666666667 0.9993766212586175
1.9444444444444444 0.9994979482986036
1.9722222222222223 0.9996046974525549
2.0 0.9996974737614942
2.0277777777777777 0.9997768482809222
2.0555555555555554 0.9998433608514872
2.0833333333333335 0.999897522602302
2.111111111111111 0.9999398182145656
2.138888888888889 0.9999707079701026
2.1666666666666665 0.9999906296067309
2.1944444444444446 1.0
2.2222222222222223 0.9999992166887428
2.25 0.9999886592600098
2.2777777777777777 0.9999686906073376
2.3055555555555554 0.9999396580748318
2.3333333333333335 0.9999018944982246
2.361111111111111 0.9998557191529733
2.388888888888889 0.9998014386183627
2.4166666666666665 0.9997393475657529
2.4444444444444446 0.9996697294782145
2.4722222222222223 0.999592857308117
2.5 0.9995089940785765
2.5277777777777777 0.9994183934340705
2.5555555555555554 0.9993213001450296
2.5833333333333335 0.9992179505707375
2.611111111111111 0.9991085730844418
2.638888888888889 0.9989933884642185
2.6666666666666665 0.998872610252794
2.6944444444444446 0.9987464450892048
2.7222222222222223 0.998615093014913
2.75 0.9984787477567597
2.7777777777777777 0.9983375969888931
2.8055555555555554 0.9981918225756166
2.8333333333333335 0.9980416007969237
2.861111111111111 0.997887102558315
2.888888888888889 0.9977284935863437
2.9166666666666665 0.9975659346112032
2.9444444444444446 0.9973995815375614
2.9722222222222223 0.9972295856046932
3.0 0.9970560935369184
3.0277777777777777 0.9968792476852131
3.0555555555555554 0.9966991861608142
3.0833333333333335 0.9965160429615272
3.111111111111111 0.9963299480914211
3.138888888888889 0.996141027674483
3.1666666666666665 0.9959494040627928
3.1944444444444446 0.995755195939703
3.2222222222222223 0.9955585184184578
3.25 0.9953594831366577
3.2777777777777777 0.9951581983469353
3.3055555555555554 0.9949547690041519
3.3333333333333335 0.9947492968494357
3.361111111111111 0.9945418804912861
3.388888888888889 0.9943326154840277
3.4166666666666665 0.9941215944037868
3.4444444444444446 0.9939089069222072
3.4722222222222223 0.9936946398780637
3.5 0.9934788773469309
3.5277777777777777 0.9932617007090571
3.5555555555555554 0.9930431887155309
3.5833333333333335 0.9928234175528929
3.611111111111111 0.9926024609062508
3.638888888888889 0.9923803900210114
3.6666666666666665 0.9921572737632942
3.6944444444444446 0.9919331786790802
3.7222222222222223 0.9917081690521864
3.75 0.9914823069610872
3.7777777777777777 0.9912556523346501
3.8055555555555554 0.9910282630068017
3.8333333333333335 0.9908001947701983
3.861111111111111 0.9905715014288765
3.888888888888889 0.9903422348499697
3.9166666666666665 0.9901124450144618
3.9444444444444446 0.989882180067032
3.9722222222222223 0.9896514863649927
4.0 0.989420408526343
4.027777777777778 0.9891889894769441
4.055555555555555 0.9889572704968282
4.083333333333333 0.9887252912656657
4.111111111111111 0.9884930899073711
4.138888888888889 0.9882607030338814
4.166666666666667 0.9880281657881045
4.194444444444445 0.9877955118860419
4.222222222222222 0.9875627736580939
4.25 0.987329982089549
4.277777777777778 0.9870971668602752
4.305555555555555 0.9868643563835996
4.333333333333333 0.9866315778443979
4.361111111111111 0.986398857236389
4.388888888888889 0.9861662193986479
4.416666666666667 0.985933688051328
4.444444444444445 0.9857012858306216
4.472222222222222 0.985469034322936
4.5 0.9852369540983219
4.527777777777778 0.9850050647431308
4.555555555555555 0.9847733848919294
4.583333333333333 0.9845419322586676
4.611111111111111 0.9843107236671123
4.638888888888889 0.984079775080548
4.666666666666667 0.98384910163076
4.694444444444445 0.9836187176463032
4.722222222222222 0.9833886366800655
4.75 0.9831588715361331
4.777777777777778 0.9829294342959768
4.805555555555555 0.9827003363439497
4.833333333333333 0.9824715883921233
4.861111111111111 0.9822432005044629
4.888888888888889 0.9820151821203508
4.916666666666667 0.9817875420774784
4.944444444444445 0.9815602886341016
4.972222222222222 0.9813334294906821
5.0 0.9811069718109223
5.027777777777778 0.9808809222422017
5.055555555555555 0.9806552869354207
5.083333333333333 0.9804300715642839
5.111111111111111 0.9802052813440063
5.138888888888889 0.9799809210494743
5.166666666666667 0.9797569950328563
5.194444444444445 0.9795335072406874
5.222222222222222 0.9793104612304396
5.25 0.9790878601865711
5.277777777777778 0.978865706936087
5.305555555555555 0.9786440039636125
5.333333333333333 0.978422753425987
5.361111111111111 0.9782019571663892
5.388888888888889 0.9779816167280231
5.416666666666667 0.9777617333673452
5.444444444444445 0.9775423080668676
5.472222222222222 0.9773233415475397
5.5 0.9771048342807145
5.527777777777778 0.9768867864997165
5.555555555555555 0.9766691982110179
5.583333333333333 0.976452069205038
5.611111111111111 0.9762353990665655
5.638888888888889 0.9760191871848253
5.666666666666667 0.9758034327631935
5.694444444444445 0.9755881348285665
5.722222222222222 0.9753732922404098
5.75 0.9751589036994693
5.777777777777778 0.97494496775618
5.805555555555555 0.9747314828187607
5.833333333333333 0.9745184471610284
5.861111111111111 0.9743058589299041
5.888888888888889 0.9740937161526574
5.916666666666667 0.9738820167438733
5.944444444444445 0.9736707585121512
5.972222222222222 0.9734599391665605
6.0 0.973249556322841
6.027777777777778 0.9730396075093688
6.055555555555555 0.9728300901728822
6.083333333333333 0.9726210016839942
6.111111111111111 0.9724123393424791
6.138888888888889 0.9722041003823467
6.166666666666667 0.9719962819767237
6.194444444444445 0.9717888812425232
6.222222222222222 0.9715818952449339
6.25 0.9713753210017152
6.277777777777778 0.9711691554873221
6.305555555555555 0.9709633956368514
6.333333333333333 0.970758038349822
6.361111111111111 0.9705530804937961
6.388888888888889 0.9703485189078386
6.416666666666667 0.9701443504058287
6.444444444444445 0.9699405717796261
6.472222222222222 0.969737179802099
6.5 0.9695341712300086
6.527777777777778 0.9693315428067719
6.555555555555555 0.9691292912650854
6.583333333333333 0.9689274133294414
6.611111111111111 0.9687259057185149
6.638888888888889 0.9685247651474396
6.666666666666667 0.9683239883299826
6.694444444444445 0.9681235719806001
6.722222222222222 0.9679235128163997
6.75 0.9677238075590004
6.777777777777778 0.9675244529363068
6.805555555555555 0.9673254456841817
6.833333333333333 0.9671267825480344
6.861111111111111 0.9669284602843268
6.888888888888889 0.9667304756619977
6.916666666666667 0.9665328254638107
6.944444444444445 0.9663355064876215
6.972222222222222 0.966138515547576
7.0 0.9659418494752436
7.027777777777778 0.9657455051206727
7.055555555555555 0.9655494793534014
7.083333333333333 0.9653537690633816
7.111111111111111 0.9651583711618569
7.138888888888889 0.9649632825821977
7.166666666666667 0.9647685002806479
7.194444444444445 0.9645740212370544
7.222222222222222 0.9643798424555237
7.25 0.9641859609650375
7.277777777777778 0.9639923738200268
7.305555555555555 0.9637990781008932
7.333333333333333 0.9636060709144948
7.361111111111111 0.9634133493945868
7.388888888888889 0.9632209107022282
7.416666666666667 0.9630287520261437
7.444444444444445 0.962836870583059
7.472222222222222 0.9626452636179978
7.5 0.9624539284045464
7.527777777777778 0.9622628622450804
7.555555555555555 0.9620720624709844
7.583333333333333 0.9618815264428111
7.611111111111111 0.9616912515504413
7.638888888888889 0.9615012352132004
7.666666666666667 0.9613114748799622
7.694444444444445 0.9611219680292189
7.722222222222222 0.9609327121691393
7.75 0.9607437048375955
7.777777777777778 0.9605549436021753
7.805555555555555 0.9603664260601783
7.833333333333333 0.9601781498385866
7.861111111111111 0.9599901125940261
7.888888888888889 0.959802312012695
7.916666666666667 0.9596147458103048
7.944444444444445 0.9594274117319823
7.972222222222222 0.9592403075521626
8.0 0.9590534310744819
8.027777777777779 0.9588667801316363
8.055555555555555 0.9586803525852509
8.083333333333334 0.9584941463257253
8.11111111111111 0.9583081592720659
8.13888888888889 0.958122389371721
8.166666666666666 0.9579368346003942
8.194444444444445 0.9577514929618552
8.222222222222221 0.9575663624877443
8.25 0.9573814412373653
8.277777777777779 0.9571967272974707
8.305555555555555 0.9570122187820446
8.333333333333334 0.956827913832078
8.36111111111111 0.9566438106153349
8.38888888888889 0.9564599073261216
8.416666666666666 0.9562762021850383
8.444444444444445 0.9560926934387396
8.472222222222221 0.9559093793596823
8.5 0.9557262582458736
8.527777777777779 0.9555433284206143
8.555555555555555 0.9553605882322406
8.583333333333334 0.9551780360538573
8.61111111111111 0.9549956702830761
8.63888888888889 0.9548134893417564
8.666666666666666 0.9546314916757236
8.694444444444445 0.9544496757545077
8.722222222222221 0.9542680400710675
8.75 0.9540865831415214
8.777777777777779 0.9539053035048739
8.805555555555555 0.953724199722742
8.833333333333334 0.9535432703790748
8.86111111111111 0.953362514079887
8.88888888888889 0.9531819294529819
8.916666666666666 0.9530015151476733
8.944444444444445 0.9528212698345137
8.972222222222221 0.9526411922050193
9.0 0.9524612809714023
9.027777777777779 0.9522815348662896
9.055555555555555 0.9521019526424543
9.083333333333334 0.9519225330725501
9.11111111111111 0.9517432749488335
9.13888888888889 0.951564177082901
9.166666666666666 0.9513852383054209
9.194444444444445 0.951206457465868
9.222222222222221 0.9510278334322545
9.25 0.9508493650908777
9.277777777777779 0.9506710513460499
9.305555555555555 0.9504928911198429
9.333333333333334 0.950314883351831
9.36111111111111 0.9501370269988373
9.38888888888889 0.9499593210346772
9.416666666666666 0.9497817644499099
9.444444444444445 0.9496043562515871
9.472222222222221 0.9494270954630067
9.5 0.9492499811234719
9.527777777777779 0.9490730122880419
9.555555555555555 0.9488961880272966
9.583333333333334 0.9487195074270987
9.61111111111111 0.9485429695883539
9.63888888888889 0.9483665736267844
9.666666666666666 0.9481903186726899
9.694444444444445 0.9480142038707291
9.722222222222221 0.947838228379685
9.75 0.9476623913722464
9.777777777777779 0.9474866920347876
9.805555555555555 0.9473111295671437
9.833333333333334 0.9471357031824011
9.86111111111111 0.9469604121066842
9.88888888888889 0.9467852555789437
9.916666666666666 0.9466102328507425
9.944444444444445 0.9464353431860589
9.972222222222221 0.9462605858610788
10.0 0.9460859601639964
10.027777777777779 0.9459114653948114
10.055555555555555 0.9457371008651406
10.083333333333334 0.945562865898022
10.11111111111111 0.9453887598277226
10.13888888888889 0.9452147819995526
10.166666666666666 0.9450409317696798
10.194444444444445 0.9448672085049452
10.222222222222221 0.944693611582684
10.25 0.9445201403905463
10.277777777777779 0.9443467943263242
10.305555555555555 0.9441735727977736
10.333333333333334 0.9440004752224489
10.36111111111111 0.9438275010275345
10.38888888888889 0.9436546496496729
10.416666666666666 0.9434819205348105
10.444444444444445 0.9433093131380308
10.472222222222221 0.9431368269233967
10.5 0.9429644613637915
10.527777777777779 0.9427922159407717
10.555555555555555 0.9426200901444105
10.583333333333334 0.9424480834731498
10.61111111111111 0.9422761954336489
10.63888888888889 0.9421044255406504
10.666666666666666 0.9419327733168238
10.694444444444445 0.9417612382926341
10.722222222222221 0.9415898200062044
10.75 0.941418518003172
10.777777777777779 0.9412473318365622
10.805555555555555 0.9410762610666493
10.833333333333334 0.9409053052608347
10.86111111111111 0.9407344639935131
10.88888888888889 0.9405637368459474
10.916666666666666 0.9403931234061499
10.944444444444445 0.9402226232687545
10.972222222222221 0.9400522360349008
11.0 0.9398819613121137
11.027777777777779 0.9397117987141894
11.055555555555555 0.9395417478610822
11.083333333333334 0.9393718083787895
11.11111111111111 0.939201979899244
11.13888888888889 0.9390322620602048
11.166666666666666 0.9388626545051499
11.194444444444445 0.9386931568831719
11.222222222222221 0.9385237688488764
11.25 0.9383544900622772
11.277777777777779 0.9381853201887007
11.305555555555555 0.9380162588986857
11.333333333333334 0.9378473058678871
11.36111111111111 0.937678460776981
11.38888888888889 0.9375097233115746
11.416666666666666 0.9373410931621106
11.444444444444445 0.9371725700237785
11.472222222222221 0.9370041535964305
11.5 0.9368358435844908
11.527777777777779 0.9366676396968691
11.555555555555555 0.9364995416468792
11.583333333333334 0.9363315491521581
11.61111111111111 0.9361636619345824
11.63888888888889 0.935995879720188
11.666666666666666 0.9358282022390993
11.694444444444445 0.9356606292254392
11.722222222222221 0.9354931604172695
11.75 0.9353257955565049
11.777777777777779 0.9351585343888451
11.805555555555555 0.9349913766637046
11.833333333333334 0.9348243221341418
11.86111111111111 0.9346573705567868
11.88888888888889 0.9344905216917777
11.916666666666666 0.934323775302695
11.944444444444445 0.9341571311564921
11.972222222222221 0.9339905890234345
12.0 0.9338241486770363
12.027777777777779 0.9336578098939997
12.055555555555555 0.9334915724541515
12.083333333333334 0.9333254361403871
12.11111111111111 0.933159400738609
12.13888888888889 0.9329934660376715
12.166666666666666 0.9328276318293228
12.194444444444445 0.9326618979081548
12.222222222222221 0.9324962640715421
12.25 0.9323307301195894
12.277777777777779 0.9321652958550866
12.305555555555555 0.9319999610834487
12.333333333333334 0.9318347256126732
12.36111111111111 0.9316695892532842
12.38888888888889 0.931504551818287
12.416666666666666 0.9313396131231194
12.444444444444445 0.9311747729856082
12.472222222222221 0.9310100312259194
12.5 0.9308453876665173
12.527777777777779 0.9306808421321169
12.555555555555555 0.930516394449641
12.583333333333334 0.9303520444481785
12.61111111111111 0.930187791958946
12.63888888888889 0.9300236368152403
12.666666666666666 0.9298595788524051
12.694444444444445 0.929695617907787
12.722222222222221 0.9295317538206979
12.75 0.9293679864323788
12.777777777777779 0.9292043155859614
12.805555555555555 0.9290407411264332
12.833333333333334 0.9288772629005985
12.86111111111111 0.9287138807570464
12.88888888888889 0.9285505945461155
12.916666666666666 0.9283874041198585
12.944444444444445 0.928224309332014
12.972222222222221 0.9280613100379688
13.0 0.9278984060947303
13.027777777777779 0.9277355973608895
13.055555555555555 0.9275728836965949
13.083333333333334 0.9274102649635245
13.11111111111111 0.927247741024852
13.13888888888889 0.9270853117452166
13.166666666666666 0.9269229769907047
13.194444444444445 0.9267607366288095
13.222222222222221 0.9265985905284084
13.25 0.92643653855974
13.277777777777779 0.9262745805943775
13.305555555555555 0.9261127165051962
13.333333333333334 0.925950946166355
13.36111111111111 0.9257892694532702
13.38888888888889 0.9256276862425891
13.416666666666666 0.9254661964121713
13.444444444444445 0.9253047998410566
13.472222222222221 0.9251434964094525
13.5 0.9249822859987061
13.527777777777779 0.9248211684912817
13.555555555555555 0.9246601437707418
13.583333333333334 0.9244992117217252
13.61111111111111 0.9243383722299283
13.63888888888889 0.9241776251820787
13.666666666666666 0.9240169704659204
13.694444444444445 0.9238564079701941
13.722222222222221 0.9236959375846201
13.75 0.9235355591998736
13.777777777777779 0.9233752727075695
13.805555555555555 0.923215078000246
13.833333333333334 0.9230549749713476
13.86111111111111 0.9228949635152016
13.88888888888889 0.9227350435270092
13.916666666666666 0.922575214902824
13.944444444444445 0.9224154775395351
13.972222222222221 0.9222558313348574
14.0 0.9220962761873062
14.027777777777779 0.9219368119961945
14.055555555555555 0.921777438661604
14.083333333333334 0.9216181560843809
14.11111111111111 0.9214589641661154
14.13888888888889 0.9212998628091335
14.166666666666666 0.9211408519164778
14.194444444444445 0.9209819313918963
14.222222222222221 0.920823101139828
14.25 0.920664361065392
14.277777777777779 0.9205057110743713
14.305555555555555 0.9203471510732046
14.333333333333334 0.9201886809689725
14.36111111111111 0.9200303006693796
14.38888888888889 0.9198720100827548
14.416666666666666 0.9197138091180256
14.444444444444445 0.9195556976847208
14.472222222222221 0.9193976756929481
14.5 0.9192397430533927
14.527777777777779 0.9190818996772964
14.555555555555555 0.9189241454764576
14.583333333333334 0.9187664803632102
14.61111111111111 0.9186089042504252
14.63888888888889 0.9184514170514922
14.666666666666666 0.9182940186803141
14.694444444444445 0.9181367090512972
14.722222222222221 0.9179794880793387
14.75 0.9178223556798225
14.777777777777779 0.9176653117686054
14.805555555555555 0.9175083562620128
14.833333333333334 0.9173514890768292
14.86111111111111 0.9171947101302894
14.88888888888889 0.9170380193400658
14.916666666666666 0.9168814166242699
14.944444444444445 0.9167249019014371
14.972222222222221 0.9165684750905209
15.0 0.9164121361108872
15.027777777777779 0.9162558848823025
15.055555555555555 0.9160997213249334
15.083333333333334 0.9159436453593315
15.11111111111111 0.9157876569064338
15.13888888888889 0.9156317558875519
15.166666666666666 0.9154759422243668
15.194444444444445 0.91532021583892
15.222222222222221 0.9151645766536124
15.25 0.9150090245911915
15.277777777777779 0.9148535595747489
15.305555555555555 0.9146981815277153
15.333333333333334 0.9145428903738532
15.36111111111111 0.9143876860372468
15.38888888888889 0.914232568442309
15.416666666666666 0.9140775375137598
15.444444444444445 0.9139225931766332
15.472222222222221 0.913767735356264
15.5 0.9136129639782895
15.527777777777779 0.9134582789686366
15.555555555555555 0.9133036802535256
15.583333333333334 0.9131491677594581
15.61111111111111 0.9129947414132138
15.63888888888889 0.9128404011418491
15.666666666666666 0.9126861468726916
15.694444444444445 0.9125319785333319
15.722222222222221 0.9123778960516213
15.75 0.9122238993556686
15.777777777777779 0.9120699883738377
15.805555555555555 0.911916163034736
15.833333333333334 0.9117624232672175
15.86111111111111 0.9116087690003779
15.88888888888889 0.9114552001635475
15.916666666666666 0.9113017166862903
15.944444444444445 0.911148318498399
15.972222222222221 0.910995005529891
16.0 0.9108417777110057
16.02777777777778 0.9106886349722009
16.055555555555557 0.9105355772441491
16.083333333333332 0.910382604457734
16.11111111111111 0.9102297165440452
16.13888888888889 0.91007691343438
16.166666666666668 0.909924195060236
16.194444444444443 0.9097715613533115
16.22222222222222 0.9096190122454991
16.25 0.9094665476688811
16.27777777777778 0.9093141675557347
16.305555555555557 0.9091618718385193
16.333333333333332 0.9090096604498793
16.36111111111111 0.908857533322643
16.38888888888889 0.9087054903898142
16.416666666666668 0.9085535315845721
16.444444444444443 0.9084016568402741
16.47222222222222 0.9082498660904426
16.5 0.90809815926877
16.52777777777778 0.9079465363091174
16.555555555555557 0.9077949971455064
16.583333333333332 0.9076435417121226
16.61111111111111 0.907492169943308
16.63888888888889 0.9073408817735625
16.666666666666668 0.9071896771375396
16.694444444444443 0.9070385559700447
16.72222222222222 0.9068875182060384
16.75 0.9067365637806222
16.77777777777778 0.9065856926290482
16.805555555555557 0.9064349046867147
16.833333333333332 0.9062841998891562
16.86111111111111 0.9061335781720512
16.88888888888889 0.9059830394712208
16.916666666666668 0.905832583722615
16.944444444444443 0.905682210862324
16.97222222222222 0.90553192082657
17.0 0.9053817135517074
17.02777777777778 0.905231588974218
17.055555555555557 0.9050815470307148
17.083333333333332 0.904931587657937
17.11111111111111 0.9047817107927469
17.13888888888889 0.9046319163721294
17.166666666666668 0.9044822043331956
17.194444444444443 0.9043325746131765
17.22222222222222 0.9041830271494196
17.25 0.904033561879392
17.27777777777778 0.9038841787406751
17.305555555555557 0.903734877670967
17.333333333333332 0.9035856586080813
17.36111111111111 0.9034365214899371
17.38888888888889 0.90328746625457
17.416666666666668 0.9031384928401267
17.444444444444443 0.9029896011848579
17.47222222222222 0.9028407912271237
17.5 0.9026920629053915
17.52777777777778 0.9025434161582297
17.555555555555557 0.9023948509243157
17.583333333333332 0.9022463671424269
17.61111111111111 0.9020979647514423
17.63888888888889 0.9019496436903407
17.666666666666668 0.9018014038982026
17.694444444444443 0.901653245314206
17.72222222222222 0.9015051678776248
17.75 0.9013571715278331
17.77777777777778 0.9012092562042971
17.805555555555557 0.9010614218465777
17.833333333333332 0.900913668394331
17.86111111111111 0.9007659957873053
17.88888888888889 0.9006184039653433
17.916666666666668 0.9004708928683733
17.944444444444443 0.9003234624364174
17.97222222222222 0.9001761126095855
18.0 0.9000288433280808
18.02777777777778 0.8998816545321875
18.055555555555557 0.8997345461622781
18.083333333333332 0.8995875181588122
18.11111111111111 0.8994405704623367
18.13888888888889 0.89929370301348
18.166666666666668 0.8991469157529565
18.194444444444443 0.8990002086215639
18.22222222222222 0.8988535815601804
18.25 0.8987070345097676
18.27777777777778 0.8985605674113677
18.305555555555557 0.8984141802061019
18.333333333333332 0.8982678728351732
18.36111111111111 0.8981216452398647
18.38888888888889 0.8979754973615335
18.416666666666668 0.8978294291416196
18.444444444444443 0.8976834405216396
18.47222222222222 0.897537531443182
18.5 0.8973917018479162
18.52777777777778 0.8972459516775854
18.555555555555557 0.8971002808740125
18.583333333333332 0.8969546893790872
18.61111111111111 0.8968091771347763
18.63888888888889 0.896663744083123
18.666666666666668 0.8965183901662399
18.694444444444443 0.8963731153263117
18.72222222222222 0.8962279195055981
18.75 0.8960828026464266
18.77777777777778 0.8959377646911999
18.805555555555557 0.8957928055823894
18.833333333333332 0.8956479252625331
18.86111111111111 0.8955031236742451
18.88888888888889 0.895358400760201
18.916666666666668 0.8952137564631524
18.944444444444443 0.8950691907259154
18.97222222222222 0.8949247034913745
19.0 0.8947802947024821
19.02777777777778 0.8946359643022578
19.055555555555557 0.8944917122337878
19.083333333333332 0.8943475384402221
19.11111111111111 0.894203442864782
19.13888888888889 0.8940594254507489
19.166666666666668 0.8939154861414726
19.194444444444443 0.8937716248803658
19.22222222222222 0.893627841610909
19.25 0.893484136276644
19.27777777777778 0.8933405088211759
19.305555555555557 0.8931969591881758
19.333333333333332 0.8930534873213744
19.36111111111111 0.8929100931645685
19.38888888888889 0.8927667766616162
19.416666666666668 0.8926235377564373
19.444444444444443 0.892480376393016
19.47222222222222 0.8923372925153951
19.5 0.8921942860676787
19.52777777777778 0.8920513569940334
19.555555555555557 0.8919085052386869
19.583333333333332 0.8917657307459245
19.61111111111111 0.8916230334600962
19.63888888888889 0.8914804133256087
19.666666666666668 0.8913378702869271
19.694444444444443 0.8911954042885804
19.72222222222222 0.8910530152751537
19.75 0.8909107031912917
19.77777777777778 0.8907684679816964
19.805555555555557 0.8906263095911283
19.833333333333332 0.8904842279644098
19.86111111111111 0.890342223046418
19.88888888888889 0.8902002947820853
19.916666666666668 0.8900584431164079
19.944444444444443 0.8899166679944346
19.97222222222222 0.889774969361271
20.0 0.8896333471620821
20.02777777777778 0.8894918013420903
20.055555555555557 0.8893503318465703
20.083333333333332 0.8892089386208546
20.11111111111111 0.8890676216103338
20.13888888888889 0.888926380760452
20.166666666666668 0.88878521601671
20.194444444444443 0.8886441273246632
20.22222222222222 0.8885031146299225
20.25 0.8883621778781545
20.27777777777778 0.8882213170150808
20.305555555555557 0.8880805319864755
20.333333333333332 0.88793982273817
20.36111111111111 0.8877991892160481
20.38888888888889 0.8876586313660487
20.416666666666668 0.8875181491341639
20.444444444444443 0.8873777424664406
20.47222222222222 0.8872374113089784
20.5 0.8870971556079321
20.52777777777778 0.8869569753095089
20.555555555555557 0.8868168703599665
20.583333333333332 0.8866768407056193
20.61111111111111 0.8865368862928334
20.63888888888889 0.8863970070680277
20.666666666666668 0.8862572029776727
20.694444444444443 0.8861174739682921
20.72222222222222 0.885977819986464
20.75 0.8858382409788147
20.77777777777778 0.8856987368920248
20.805555555555557 0.8855593076728256
20.833333333333332 0.8854199532680022
20.86111111111111 0.8852806736243888
20.88888888888889 0.8851414686888718
20.916666666666668 0.8850023384083907
20.944444444444443 0.884863282729935
20.97222222222222 0.8847243016005439
21.0 0.8845853949673089
21.02777777777778 0.8844465627773755
21.055555555555557 0.8843078049779333
21.083333333333332 0.8841691215162276
21.11111111111111 0.8840305123395505
21.13888888888889 0.8838919773952474
21.166666666666668 0.8837535166307141
21.194444444444443 0.8836151299933956
21.22222222222222 0.8834768174307864
21.25 0.8833385788904284
21.27777777777778 0.8832004143199217
21.305555555555557 0.8830623236669072
21.333333333333332 0.8829243068790782
21.36111111111111 0.8827863639041813
21.38888888888889 0.8826484946900073
21.416666666666668 0.8825106991843996
21.444444444444443 0.8823729773352469
21.47222222222222 0.8822353290904904
21.5 0.8820977543981209
21.52777777777778 0.8819602532061758
21.555555555555557 0.8818228254627416
21.583333333333332 0.881685471115954
21.61111111111111 0.881548190113998
21.63888888888889 0.8814109824051063
21.666666666666668 0.8812738479375596
21.694444444444443 0.8811367866596866
21.72222222222222 0.880999798519868
21.75 0.8808628834665296
21.77777777777778 0.8807260414481427
21.805555555555557 0.880589272413231
21.833333333333332 0.880452576310363
21.86111111111111 0.8803159530881554
21.88888888888889 0.8801794026952761
21.916666666666668 0.8800429250804367
21.944444444444443 0.8799065201923986
21.97222222222222 0.8797701879799689
22.0 0.8796339283920027
22.02777777777778 0.8794977413774038
22.055555555555557 0.8793616268851202
22.083333333333332 0.8792255848641506
22.11111111111111 0.8790896152635381
22.13888888888889 0.878953718032373
22.166666666666668 0.8788178931197943
22.194444444444443 0.8786821404749872
22.22222222222222 0.8785464600471811
22.25 0.8784108517856566
22.27777777777778 0.8782753156397356
22.305555555555557 0.8781398515587927
22.333333333333332 0.8780044594922443
22.36111111111111 0.8778691393895525
22.38888888888889 0.8777338912002293
22.416666666666668 0.877598714873831
22.444444444444443 0.8774636103599606
22.47222222222222 0.8773285776082667
22.5 0.8771936165684437
22.52777777777778 0.8770587271902346
22.555555555555557 0.8769239094234228
22.583333333333332 0.8767891632178436
22.61111111111111 0.8766544885233751
22.63888888888889 0.876519885289941
22.666666666666668 0.8763853534675093
22.694444444444443 0.8762508930060978
22.72222222222222 0.8761165038557652
22.75 0.8759821859666198
22.77777777777778 0.8758479392888096
22.805555555555557 0.8757137637725335
22.833333333333332 0.875579659368034
22.86111111111111 0.8754456260255973
22.88888888888889 0.8753116636955551
22.916666666666668 0.8751777723282861
22.944444444444443 0.8750439518742112
22.97222222222222 0.8749102022837989
23.0 0.8747765235075607
23.02777777777778 0.8746429154960528
23.055555555555557 0.8745093781998773
23.083333333333332 0.8743759115696789
23.11111111111111 0.8742425155561512
23.13888888888889 0.8741091901100282
23.166666666666668 0.8739759351820909
23.194444444444443 0.873842750723161
23.22222222222222 0.8737096366841106
23.25 0.8735765930158506
23.27777777777778 0.8734436196693397
23.305555555555557 0.8733107165955799
23.333333333333332 0.8731778837456151
23.36111111111111 0.8730451210705356
23.38888888888889 0.8729124285214744
23.416666666666668 0.8727798060496106
23.444444444444443 0.8726472536061655
23.47222222222222 0.8725147711424058
23.5 0.8723823586096402
23.52777777777778 0.87225001595922
23.555555555555557 0.8721177431425452
23.583333333333332 0.8719855401110529
23.61111111111111 0.8718534068162301
23.63888888888889 0.8717213432096032
23.666666666666668 0.8715893492427452
23.694444444444443 0.8714574248672676
23.72222222222222 0.87132557003483
23.75 0.8711937846971348
23.77777777777778 0.8710620688059251
23.805555555555557 0.8709304223129892
23.833333333333332 0.8707988451701588
23.86111111111111 0.8706673373293072
23.88888888888889 0.8705358987423523
23.916666666666668 0.8704045293612542
23.944444444444443 0.8702732291380145
23.97222222222222 0.8701419980246814
