0.0 0.9621414877987723
0.027777777777777776 1.0
0.05555555555555555 0.9948301994547802
0.08333333333333333 0.9905812384963364
0.1111111111111111 0.9870303699828732
0.1388888888888889 0.9840291221526251
0.16666666666666666 0.9814697087161993
0.19444444444444445 0.97927043016707
0.2222222222222222 0.9773677039536297
0.25 0.9757111457314761
0.2777777777777778 0.9742602950157369
0.3055555555555556 0.9729823224675211
0.3333333333333333 0.9718503661244886
0.3611111111111111 0.9708422917533289
0.3888888888888889 0.969939750357107
0.4166666666666667 0.9691274500937805
0.4444444444444444 0.9683925865266337
0.4722222222222222 0.9677243919922125
0.5 0.9671137759610563
0.5277777777777778 0.9665530357958563
0.5555555555555556 0.9660356225616298
0.5833333333333334 0.9655559502859011
0.6111111111111112 0.965109239787188
0.6388888888888888 0.9646913901991611
0.6666666666666666 0.9642988728226006
0.6944444444444444 0.9639286430779984
0.7222222222222222 0.9635780672056782
0.75 0.9632448610363216
0.7777777777777778 0.9629270386819775
0.8055555555555556 0.9626228694118538
0.8333333333333334 0.9623308413048737
0.8611111111111112 0.9620496305317072
0.8888888888888888 0.9617780753276867
0.9166666666666666 0.9615151538858433
0.9444444444444444 0.9612599655349249
0.9722222222222222 0.9610117146773229
1.0 0.9607696970515143
1.0277777777777777 0.9605332879569612
1.0555555555555556 0.9603019321395984
1.0833333333333333 0.9600751350855653
1.1111111111111112 0.9598524555117582
1.1388888888888888 0.9596334988756493
1.1666666666666667 0.9594179117549156
1.1944444444444444 0.9592053769708478
1.2222222222222223 0.9589956093490019
1.25 0.9587883520268998
1.2777777777777777 0.9585833732322259
1.3055555555555556 0.9583804634664661
1.3333333333333333 0.9581794330385871
1.3611111111111112 0.957980109901458
1.3888888888888888 0.9577823377506295
1.4166666666666667 0.9575859743508488
1.4444444444444444 0.9573908900606333
1.4722222222222223 0.9571969665293901
1.5 0.9570040955451242
1.5277777777777777 0.9568121780137834
1.5555555555555556 0.9566211230538969
1.5833333333333333 0.9564308471923119
1.6111111111111112 0.9562412736487933
1.6388888888888888 0.9560523316987702
1.6666666666666667 0.9558639561050042
1.6944444444444444 0.9556760866100454
1.7222222222222223 0.9554886674824562
1.75 0.9553016471106001
1.7777777777777777 0.955114977638607
1.8055555555555556 0.9549286146397645
1.8333333333333333 0.9547425168231681
1.8611111111111112 0.9545566457699601
1.8888888888888888 0.9543709656959211
1.9166666666666667 0.9541854432375703
1.9444444444444444 0.9540000472592335
1.9722222222222223 0.9538147486788634
2.0 0.9536295203106148
2.0277777777777777 0.9534443367224243
2.0555555555555554 0.9532591741070394
2.0833333333333335 0.9530740101650909
2.111111111111111 0.9528888239989762
2.138888888888889 0.9527035960164625
2.1666666666666665 0.9525183078430006
2.1944444444444446 0.9523329422418821
2.2222222222222223 0.9521474830414544
2.25 0.9519619150686767
2.2777777777777777 0.951776224088392
2.3055555555555554 0.9515903967477547
2.3333333333333335 0.951404420525284
2.361111111111111 0.9512182836841152
2.388888888888889 0.9510319752290152
2.4166666666666665 0.9508454848668022
2.4444444444444446 0.9506588029698472
2.4722222222222223 0.9504719205423389
2.5 0.9502848291890635
2.5277777777777777 0.9500975210864477
2.5555555555555554 0.9499099889556478
2.5833333333333335 0.949722226037493
2.611111111111111 0.9495342260691034
2.638888888888889 0.949345983262025
2.6666666666666665 0.949157492281739
2.6944444444444446 0.9489687482284195
2.7222222222222223 0.9487797466188115
2.75 0.9485904833691449
2.7777777777777777 0.9484009547789729
2.8055555555555554 0.9482111575158578
2.8333333333333335 0.9480210886008295
2.861111111111111 0.9478307453945422
2.888888888888889 0.9476401255840775
2.9166666666666665 0.9474492271703274
2.9444444444444446 0.9472580484559188
2.9722222222222223 0.947066588033624
3.0 0.9468748447752295
3.0277777777777777 0.9466828178208166
3.0555555555555554 0.9464905065684307
3.0833333333333335 0.9462979106641038
3.111111111111111 0.9461050299922078
3.138888888888889 0.9459118646661197
3.1666666666666665 0.9457184150191733
3.1944444444444446 0.9455246815958767
3.2222222222222223 0.9453306651433919
3.25 0.9451363666032506
3.2777777777777777 0.9449417871032959
3.3055555555555554 0.9447469279498462
3.3333333333333335 0.9445517906200572
3.361111111111111 0.944356376754493
3.388888888888889 0.9441606881498782
3.4166666666666665 0.9439647267520385
3.4444444444444446 0.9437684946490185
3.4722222222222223 0.943571994064371
3.5 0.9433752273506137
3.5277777777777777 0.9431781969828533
3.5555555555555554 0.9429809055525623
3.5833333333333335 0.9427833557615234
3.611111111111111 0.9425855504159136
3.638888888888889 0.9423874924205533
3.6666666666666665 0.9421891847732973
3.6944444444444446 0.9419906305595704
3.7222222222222223 0.9417918329470568
3.75 0.9415927951805195
3.7777777777777777 0.9413935205767741
3.8055555555555554 0.9411940125197918
3.8333333333333335 0.9409942744559467
3.861111111111111 0.9407943098893969
3.888888888888889 0.9405941223775997
3.9166666666666665 0.9403937155269618
3.9444444444444446 0.9401930929886222
3.9722222222222223 0.9399922584543627
4.0 0.9397912156526497
4.027777777777778 0.9395899683448015
4.055555555555555 0.9393885203212803
4.083333333333333 0.9391868753981155
4.111111111111111 0.938985037413438
4.138888888888889 0.9387830102241452
4.166666666666667 0.9385807977026774
4.194444444444445 0.938378403733918
4.222222222222222 0.9381758322122042
4.25 0.9379730870384525
4.277777777777778 0.9377701721173963
4.305555555555555 0.9375670913549327
4.333333333333333 0.937363848655577
4.361111111111111 0.9371604479200215
4.388888888888889 0.9369568930427996
4.416666666666667 0.9367531879100479
4.444444444444445 0.9365493363973748
4.472222222222222 0.9363453423678149
4.5 0.9361412096698871
4.527777777777778 0.9359369421357454
4.555555555555555 0.9357325435794115
4.583333333333333 0.9355280177951061
4.611111111111111 0.935323368555659
4.638888888888889 0.9351185996110065
4.666666666666667 0.9349137146867689
4.694444444444445 0.9347087174829065
4.722222222222222 0.9345036116724564
4.75 0.9342984009003377
4.777777777777778 0.9340930887822355
4.805555555555555 0.9338876789035543
4.833333333333333 0.9336821748184322
4.861111111111111 0.9334765800488353
4.888888888888889 0.9332708980837023
4.916666666666667 0.9330651323781571
4.944444444444445 0.9328592863527846
4.972222222222222 0.9326533633929549
5.0 0.9324473668482132
5.027777777777778 0.9322413000317166
5.055555555555555 0.9320351662197264
5.083333333333333 0.9318289686511451
5.111111111111111 0.9316227105271102
5.138888888888889 0.931416395010624
5.166666666666667 0.9312100252262355
5.194444444444445 0.9310036042597608
5.222222222222222 0.9307971351580436
5.25 0.9305906209287583
5.277777777777778 0.9303840645402468
5.305555555555555 0.9301774689213944
5.333333333333333 0.929970836961535
5.361111111111111 0.9297641715103941
5.388888888888889 0.9295574753780611
5.416666666666667 0.929350751334989
5.444444444444445 0.9291440021120243
5.472222222222222 0.9289372304004647
5.5 0.9287304388521413
5.527777777777778 0.9285236300795215
5.555555555555555 0.9283168066558436
5.583333333333333 0.9281099711152615
5.611111111111111 0.9279031259530216
5.638888888888889 0.9276962736256493
5.666666666666667 0.9274894165511608
5.694444444444445 0.9272825571092875
5.722222222222222 0.9270756976417192
5.75 0.926868840452361
5.777777777777778 0.9266619878076068
5.805555555555555 0.9264551419366225
5.833333333333333 0.9262483050316429
5.861111111111111 0.9260414792482844
5.888888888888889 0.9258346667058592
5.916666666666667 0.925627869487711
5.944444444444445 0.9254210896415486
5.972222222222222 0.9252143291797955
6.0 0.9250075900799464
6.027777777777778 0.9248008742849271
6.055555555555555 0.9245941837034624
6.083333333333333 0.9243875202104521
6.111111111111111 0.9241808856473513
6.138888888888889 0.9239742818225517
6.166666666666667 0.923767710511772
6.194444444444445 0.9235611734584492
6.222222222222222 0.923354672374133
6.25 0.9231482089388848
6.277777777777778 0.9229417848016771
6.305555555555555 0.9227354015807923
6.333333333333333 0.9225290608642316
6.361111111111111 0.9223227642101116
6.388888888888889 0.922116513147075
6.416666666666667 0.9219103091746931
6.444444444444445 0.9217041537638694
6.472222222222222 0.9214980483572438
6.5 0.9212919943696015
6.527777777777778 0.9210859931882676
6.555555555555555 0.9208800461735158
6.583333333333333 0.9206741546589645
6.611111111111111 0.9204683199519763
6.638888888888889 0.9202625433340562
6.666666666666667 0.9200568260612424
6.694444444444445 0.9198511693645038
6.722222222222222 0.9196455744501235
6.75 0.9194400425000916
6.777777777777778 0.9192345746724863
6.805555555555555 0.9190291721018554
6.833333333333333 0.9188238358995948
6.861111111111111 0.9186185671543263
6.888888888888889 0.918413366932264
6.916666666666667 0.9182082362775891
6.944444444444445 0.9180031762128072
6.972222222222222 0.9177981877391175
7.0 0.9175932718367634
7.027777777777778 0.9173884294653916
7.055555555555555 0.9171836615643988
7.083333333333333 0.9169789690532776
7.111111111111111 0.9167743528319615
7.138888888888889 0.9165698137811605
7.166666666666667 0.9163653527626943
7.194444444444445 0.9161609706198253
7.222222222222222 0.915956668177582
7.25 0.9157524462430812
7.277777777777778 0.9155483056058473
7.305555555555555 0.9153442470381223
7.333333333333333 0.9151402712951783
7.361111111111111 0.914936379115621
7.388888888888889 0.91473257122169
7.416666666666667 0.9145288483195559
7.444444444444445 0.9143252110996155
7.472222222222222 0.914121660236773
7.5 0.9139181963907327
7.527777777777778 0.9137148202062715
7.555555555555555 0.9135115323135208
7.583333333333333 0.9133083333282326
7.611111111111111 0.9131052238520507
7.638888888888889 0.9129022044727731
7.666666666666667 0.9126992757646107
7.694444444444445 0.9124964382884435
7.722222222222222 0.9122936925920717
7.75 0.9120910392104609
7.777777777777778 0.9118884786659893
7.805555555555555 0.9116860114686852
7.833333333333333 0.9114836381164598
7.861111111111111 0.9112813590953447
7.888888888888889 0.9110791748797142
7.916666666666667 0.9108770859325132
7.944444444444445 0.9106750927054751
7.972222222222222 0.910473195639338
8.0 0.9102713951640633
8.027777777777779 0.9100696916990358
8.055555555555555 0.9098680856532764
8.083333333333334 0.9096665774256433
8.11111111111111 0.9094651674050285
8.13888888888889 0.9092638559705539
8.166666666666666 0.9090626434917648
8.194444444444445 0.9088615303288144
8.222222222222221 0.9086605168326557
8.25 0.9084596033452144
8.277777777777779 0.9082587901995762
8.305555555555555 0.9080580777201567
8.333333333333334 0.9078574662228756
8.36111111111111 0.9076569560153247
8.38888888888889 0.9074565473969354
8.416666666666666 0.9072562406591427
8.444444444444445 0.9070560360855413
8.472222222222221 0.9068559339520471
8.5 0.9066559345270475
8.527777777777779 0.9064560380715581
8.555555555555555 0.9062562448393654
8.583333333333334 0.9060565550771763
8.61111111111111 0.9058569690247611
8.63888888888889 0.9056574869150916
8.666666666666666 0.9054581089744824
8.694444444444445 0.9052588354227219
8.722222222222221 0.9050596664732101
8.75 0.9048606023330839
8.777777777777779 0.9046616432033475
8.805555555555555 0.9044627892789977
8.833333333333334 0.9042640407491456
8.86111111111111 0.9040653977971373
8.88888888888889 0.9038668606006736
8.916666666666666 0.903668429331924
8.944444444444445 0.903470104157642
8.972222222222221 0.9032718852392758
9.0 0.9030737727330767
9.027777777777779 0.90287576679021
9.055555555555555 0.9026778675568555
9.083333333333334 0.9024800751743131
9.11111111111111 0.902282389779105
9.13888888888889 0.9020848115030727
9.166666666666666 0.9018873404734744
9.194444444444445 0.9016899768130806
9.222222222222221 0.9014927206402706
9.25 0.9012955720691181
9.277777777777779 0.9010985312094849
9.305555555555555 0.9009015981671102
9.333333333333334 0.9007047730436921
9.36111111111111 0.9005080559369775
9.38888888888889 0.9003114469408405
9.416666666666666 0.9001149461453666
9.444444444444445 0.8999185536369309
9.472222222222221 0.8997222694982765
9.5 0.8995260938085919
9.527777777777779 0.899330026643584
9.555555555555555 0.8991340680755532
9.583333333333334 0.8989382181734634
9.61111111111111 0.8987424770030163
9.63888888888889 0.8985468446267174
9.666666666666666 0.8983513211039434
9.694444444444445 0.8981559064910101
9.722222222222221 0.897960600841238
9.75 0.8977654042050138
9.777777777777779 0.8975703166298541
9.805555555555555 0.8973753381604678
9.833333333333334 0.8971804688388124
9.86111111111111 0.896985708704158
9.88888888888889 0.8967910577931391
9.916666666666666 0.8965965161398151
9.944444444444445 0.8964020837757233
9.972222222222221 0.8962077607299357
10.0 0.8960135470291072
10.027777777777779 0.8958194426975329
10.055555555555555 0.895625447757194
10.083333333333334 0.8954315622278117
10.11111111111111 0.8952377861268949
10.13888888888889 0.8950441194697846
10.166666666666666 0.8948505622697064
10.194444444444445 0.8946571145378115
10.222222222222221 0.894463776283224
10.25 0.8942705475130849
10.277777777777779 0.8940774282325941
10.305555555555555 0.8938844184450534
10.333333333333334 0.8936915181519073
10.36111111111111 0.8934987273527834
10.38888888888889 0.893306046045534
10.416666666666666 0.8931134742262704
10.444444444444445 0.8929210118894072
10.472222222222221 0.8927286590276937
10.5 0.8925364156322535
10.527777777777779 0.8923442816926194
10.555555555555555 0.892152257196769
10.583333333333334 0.891960342131158
10.61111111111111 0.8917685364807534
10.63888888888889 0.891576840229069
10.666666666666666 0.8913852533581933
10.694444444444445 0.8911937758488253
10.722222222222221 0.8910024076803018
10.75 0.8908111488306306
10.777777777777779 0.8906199992765174
10.805555555555555 0.8904289589933962
10.833333333333334 0.890238027955458
10.86111111111111 0.8900472061356777
10.88888888888889 0.8898564935058411
10.916666666666666 0.8896658900365721
10.944444444444445 0.8894753956973593
10.972222222222221 0.8892850104565799
11.0 0.8890947342815257
11.027777777777779 0.8889045671384278
11.055555555555555 0.8887145089924802
11.083333333333334 0.8885245598078624
11.11111111111111 0.8883347195477652
11.13888888888889 0.8881449881744082
11.166666666666666 0.8879553656490676
11.194444444444445 0.8877658519320925
11.222222222222221 0.8875764469829297
11.25 0.8873871507601432
11.277777777777779 0.8871979632214333
11.305555555555555 0.8870088843236583
11.333333333333334 0.8868199140228511
11.36111111111111 0.8866310522742429
11.38888888888889 0.8864422990322758
11.416666666666666 0.8862536542506255
11.444444444444445 0.8860651178822174
11.472222222222221 0.8858766898792443
11.5 0.8856883701931826
11.527777777777779 0.8855001587748107
11.555555555555555 0.885312055574224
11.583333333333334 0.8851240605408509
11.61111111111111 0.8849361736234685
11.63888888888889 0.8847483947702204
11.666666666666666 0.8845607239286262
11.694444444444445 0.884373161045602
11.722222222222221 0.8841857060674719
11.75 0.8839983589399819
11.777777777777779 0.8838111196083146
11.805555555555555 0.8836239880171023
11.833333333333334 0.8834369641104396
11.86111111111111 0.8832500478318981
11.88888888888889 0.8830632391245373
11.916666666666666 0.882876537930917
11.944444444444445 0.8826899441931113
11.972222222222221 0.8825034578527183
12.0 0.8823170788508723
12.027777777777779 0.8821308071282561
12.055555555555555 0.8819446426251107
12.083333333333334 0.8817585852812483
12.11111111111111 0.8815726350360593
12.13888888888889 0.8813867918285266
12.166666666666666 0.8812010555972348
12.194444444444445 0.8810154262803775
12.222222222222221 0.8808299038157714
12.25 0.8806444881408615
12.277777777777779 0.880459179192734
12.305555555555555 0.8802739769081237
12.333333333333334 0.880088881223424
12.36111111111111 0.8799038920746931
12.38888888888889 0.879719009397667
12.416666666666666 0.879534233127763
12.444444444444445 0.8793495632000924
12.472222222222221 0.8791649995494647
12.5 0.8789805421103984
12.527777777777779 0.8787961908171276
12.555555555555555 0.8786119456036092
12.583333333333334 0.8784278064035305
12.61111111111111 0.8782437731503171
12.63888888888889 0.8780598457771379
12.666666666666666 0.8778760242169161
12.694444444444445 0.8776923084023308
12.722222222222221 0.8775086982658283
12.75 0.8773251937396259
12.777777777777779 0.8771417947557185
12.805555555555555 0.8769585012458853
12.833333333333334 0.8767753131416961
12.86111111111111 0.8765922303745164
12.88888888888889 0.8764092528755146
12.916666666666666 0.8762263805756668
12.944444444444445 0.8760436134057619
12.972222222222221 0.8758609512964071
13.0 0.8756783941780356
13.027777777777779 0.8754959419809083
13.055555555555555 0.8753135946351214
13.083333333333334 0.8751313520706097
13.11111111111111 0.8749492142171538
13.13888888888889 0.8747671810043827
13.166666666666666 0.8745852523617789
13.194444444444445 0.8744034282186838
13.222222222222221 0.874221708504302
13.25 0.8740400931477051
13.277777777777779 0.8738585820778364
13.305555555555555 0.873677175223515
13.333333333333334 0.8734958725134395
13.36111111111111 0.8733146738761941
13.38888888888889 0.8731335792402483
13.416666666666666 0.8729525885339658
13.444444444444445 0.8727717016856049
13.472222222222221 0.8725909186233225
13.5 0.8724102392751796
13.527777777777779 0.8722296635691428
13.555555555555555 0.8720491914330886
13.583333333333334 0.8718688227948062
13.61111111111111 0.8716885575820031
13.63888888888889 0.8715083957223043
13.666666666666666 0.8713283371432593
13.694444444444445 0.8711483817723427
13.722222222222221 0.8709685295369591
13.75 0.8707887803644437
13.777777777777779 0.870609134182068
13.805555555555555 0.8704295909170405
13.833333333333334 0.8702501504965102
13.86111111111111 0.8700708128475698
13.88888888888889 0.8698915778972576
13.916666666666666 0.8697124455725598
13.944444444444445 0.8695334158004153
13.972222222222221 0.8693544885077139
14.0 0.869175663621304
14.027777777777779 0.8689969410679911
14.055555555555555 0.868818320774541
14.083333333333334 0.8686398026676827
14.11111111111111 0.8684613866741111
14.13888888888889 0.8682830727204873
14.166666666666666 0.8681048607334433
14.194444444444445 0.8679267506395809
14.222222222222221 0.8677487423654764
14.25 0.8675708358376819
14.277777777777779 0.867393030982726
14.305555555555555 0.8672153277271184
14.333333333333334 0.8670377259973483
14.36111111111111 0.8668602257198894
14.38888888888889 0.8666828268211996
14.416666666666666 0.8665055292277236
14.444444444444445 0.8663283328658942
14.472222222222221 0.8661512376621349
14.5 0.8659742435428602
14.527777777777779 0.8657973504344783
14.555555555555555 0.8656205582633909
14.583333333333334 0.8654438669559985
14.61111111111111 0.8652672764386973
14.63888888888889 0.8650907866378837
14.666666666666666 0.8649143974799547
14.694444444444445 0.8647381088913096
14.722222222222221 0.8645619207983501
14.75 0.8643858331274842
14.777777777777779 0.8642098458051254
14.805555555555555 0.864033958757694
14.833333333333334 0.8638581719116195
14.86111111111111 0.863682485193342
14.88888888888889 0.8635068985293103
14.916666666666666 0.8633314118459882
14.944444444444445 0.8631560250698513
14.972222222222221 0.8629807381273898
15.0 0.8628055509451096
15.027777777777779 0.8626304634495334
15.055555555555555 0.8624554755672009
15.083333333333334 0.8622805872246715
15.11111111111111 0.8621057983485234
15.13888888888889 0.8619311088653555
15.166666666666666 0.8617565187017886
15.194444444444445 0.8615820277844665
15.222222222222221 0.8614076360400549
15.25 0.8612333433952452
15.277777777777779 0.8610591497767535
15.305555555555555 0.8608850551113223
15.333333333333334 0.8607110593257198
15.36111111111111 0.8605371623467428
15.38888888888889 0.8603633641012168
15.416666666666666 0.8601896645159958
15.444444444444445 0.8600160635179636
15.472222222222221 0.8598425610340359
15.5 0.8596691569911585
15.527777777777779 0.8594958513163105
15.555555555555555 0.8593226439365023
15.583333333333334 0.8591495347787792
15.61111111111111 0.8589765237702204
15.63888888888889 0.8588036108379394
15.666666666666666 0.8586307959090853
15.694444444444445 0.8584580789108432
15.722222222222221 0.8582854597704347
15.75 0.8581129384151193
15.777777777777779 0.8579405147721937
15.805555555555555 0.8577681887689921
15.833333333333334 0.857595960332889
15.86111111111111 0.8574238293912977
15.88888888888889 0.8572517958716716
15.916666666666666 0.8570798597015039
15.944444444444445 0.8569080208083297
15.972222222222221 0.8567362791197254
16.0 0.856564634563307
16.02777777777778 0.8563930870667364
16.055555555555557 0.8562216365577158
16.083333333333332 0.8560502829639911
16.11111111111111 0.8558790262133528
16.13888888888889 0.855707866233634
16.166666666666668 0.8555368029527133
16.194444444444443 0.855365836298514
16.22222222222222 0.855194966199004
16.25 0.8550241925821978
16.27777777777778 0.8548535153761548
16.305555555555557 0.8546829345089814
16.333333333333332 0.854512449908831
16.36111111111111 0.8543420615039032
16.38888888888889 0.8541717692224459
16.416666666666668 0.8540015729927535
16.444444444444443 0.8538314727431696
16.47222222222222 0.8536614684020856
16.5 0.8534915598979412
16.52777777777778 0.8533217471592256
16.555555555555557 0.8531520301144765
16.583333333333332 0.8529824086922821
16.61111111111111 0.8528128828212795
16.63888888888889 0.8526434524301559
16.666666666666668 0.8524741174476491
16.694444444444443 0.852304877802547
16.72222222222222 0.8521357334236888
16.75 0.8519666842399641
16.77777777777778 0.8517977301803143
16.805555555555557 0.8516288711737321
16.833333333333332 0.8514601071492612
16.86111111111111 0.8512914380359983
16.88888888888889 0.8511228637630909
16.916666666666668 0.8509543842597401
16.944444444444443 0.8507859994551993
16.97222222222222 0.8506177092787731
17.0 0.8504495136598211
17.02777777777778 0.8502814125277545
17.055555555555557 0.8501134058120382
17.083333333333332 0.8499454934421905
17.11111111111111 0.8497776753477831
17.13888888888889 0.8496099514584415
17.166666666666668 0.8494423217038451
17.194444444444443 0.8492747860137277
17.22222222222222 0.8491073443178765
17.25 0.8489399965461337
17.27777777777778 0.8487727426283956
17.305555555555557 0.8486055824946134
17.333333333333332 0.8484385160747927
17.36111111111111 0.8482715432989943
17.38888888888889 0.8481046640973334
17.416666666666668 0.8479378783999811
17.444444444444443 0.847771186137163
17.47222222222222 0.8476045872391604
17.5 0.8474380816363098
17.52777777777778 0.8472716692590038
17.555555555555557 0.8471053500376899
17.583333333333332 0.8469391239028716
17.61111111111111 0.8467729907851084
17.63888888888889 0.8466069506150157
17.666666666666668 0.8464410033232649
17.694444444444443 0.846275148840583
17.72222222222222 0.8461093870977539
17.75 0.8459437180256173
17.77777777777778 0.8457781415550697
17.805555555555557 0.8456126576170638
17.833333333333332 0.8454472661426078
17.86111111111111 0.8452819670627686
17.88888888888889 0.8451167603086673
17.916666666666668 0.8449516458114836
17.944444444444443 0.8447866235024525
17.97222222222222 0.8446216933128671
18.0 0.8444568551740762
18.02777777777778 0.8442921090174864
18.055555555555557 0.8441274547745604
18.083333333333332 0.8439628923768191
18.11111111111111 0.843798421755839
18.13888888888889 0.8436340428432546
18.166666666666668 0.8434697555707575
18.194444444444443 0.8433055598700961
18.22222222222222 0.8431414556730765
18.25 0.8429774429115617
18.27777777777778 0.8428135215174719
18.305555555555557 0.8426496914227852
18.333333333333332 0.842485952559536
18.36111111111111 0.8423223048598174
18.38888888888889 0.8421587482557787
18.416666666666668 0.8419952826796276
18.444444444444443 0.8418319080636285
18.47222222222222 0.8416686243401038
18.5 0.8415054314414329
18.52777777777778 0.8413423293000533
18.555555555555557 0.8411793178484598
18.583333333333332 0.841016397019204
18.61111111111111 0.8408535667448965
18.63888888888889 0.8406908269582043
18.666666666666668 0.8405281775918528
18.694444444444443 0.8403656185786242
18.72222222222222 0.8402031498513588
18.75 0.8400407713429544
18.77777777777778 0.8398784829863666
18.805555555555557 0.839716284714608
18.833333333333332 0.8395541764607499
18.86111111111111 0.8393921581579198
18.88888888888889 0.8392302297393045
18.916666666666668 0.8390683911381471
18.944444444444443 0.8389066422877488
18.97222222222222 0.8387449831214681
19.0 0.8385834135727218
19.02777777777778 0.8384219335749842
19.055555555555557 0.8382605430617864
19.083333333333332 0.8380992419667177
19.11111111111111 0.8379380302234253
19.13888888888889 0.837776907765613
19.166666666666668 0.8376158745270439
19.194444444444443 0.8374549304415366
19.22222222222222 0.8372940754429683
19.25 0.8371333094652742
19.27777777777778 0.8369726324424459
19.305555555555557 0.8368120443085337
19.333333333333332 0.8366515449976442
19.36111111111111 0.8364911344439429
19.38888888888889 0.8363308125816509
19.416666666666668 0.8361705793450488
19.444444444444443 0.8360104346684731
19.47222222222222 0.8358503784863185
19.5 0.8356904107330362
19.52777777777778 0.8355305313431366
19.555555555555557 0.8353707402511853
19.583333333333332 0.8352110373918067
19.61111111111111 0.8350514226996817
19.63888888888889 0.8348918961095492
19.666666666666668 0.8347324575562046
19.694444444444443 0.834573106974501
19.72222222222222 0.8344138442993491
19.75 0.8342546694657156
19.77777777777778 0.8340955824086254
19.805555555555557 0.8339365830631602
19.833333333333332 0.8337776713644586
19.86111111111111 0.8336188472477166
19.88888888888889 0.8334601106481875
19.916666666666668 0.8333014615011807
19.944444444444443 0.8331428997420636
19.97222222222222 0.83298442530626
20.0 0.8328260381292507
20.02777777777778 0.8326677381465735
20.055555555555557 0.8325095252938228
20.083333333333332 0.8323513995066504
20.11111111111111 0.8321933607207646
20.13888888888889 0.8320354088719303
20.166666666666668 0.8318775438959691
20.194444444444443 0.83171976572876
20.22222222222222 0.8315620743062379
20.25 0.8314044695643951
20.27777777777778 0.8312469514392791
20.305555555555557 0.8310895198669955
20.333333333333332 0.8309321747837057
20.36111111111111 0.8307749161256283
20.38888888888889 0.8306177438290371
20.416666666666668 0.8304606578302631
20.444444444444443 0.830303658065694
20.47222222222222 0.8301467444717737
20.5 0.8299899169850011
20.52777777777778 0.8298331755419344
20.555555555555557 0.8296765200791845
20.583333333333332 0.8295199505334206
20.61111111111111 0.8293634668413677
20.63888888888889 0.8292070689398071
20.666666666666668 0.8290507567655756
20.694444444444443 0.8288945302555668
20.72222222222222 0.828738389346729
20.75 0.8285823339760686
20.77777777777778 0.828426364080646
20.805555555555557 0.8282704795975778
20.833333333333332 0.8281146804640378
20.86111111111111 0.8279589666172541
20.88888888888889 0.8278033379945113
20.916666666666668 0.8276477945331495
20.944444444444443 0.8274923361705646
20.97222222222222 0.8273369628442079
21.0 0.8271816744915866
21.02777777777778 0.8270264710502636
21.055555555555557 0.8268713524578568
21.083333333333332 0.8267163186520398
21.11111111111111 0.8265613695705416
21.13888888888889 0.8264065051511474
21.166666666666668 0.8262517253316963
21.194444444444443 0.8260970300500835
21.22222222222222 0.8259424192442598
21.25 0.8257878928522303
21.27777777777778 0.8256334508120562
21.305555555555557 0.8254790930618534
21.333333333333332 0.8253248195397928
21.36111111111111 0.8251706301841006
21.38888888888889 0.8250165249330573
21.416666666666668 0.8248625037249994
21.444444444444443 0.8247085664983184
21.47222222222222 0.8245547131914588
21.5 0.8244009437429223
21.52777777777778 0.8242472580912634
21.555555555555557 0.8240936561750933
21.583333333333332 0.8239401379330761
21.61111111111111 0.8237867033039314
21.63888888888889 0.8236333522264333
21.666666666666668 0.8234800846394102
21.694444444444443 0.8233269004817458
21.72222222222222 0.8231737996923771
21.75 0.8230207822102963
21.77777777777778 0.8228678479745497
21.805555555555557 0.8227149969242388
21.833333333333332 0.8225622289985172
21.86111111111111 0.8224095441365947
21.88888888888889 0.8222569422777352
21.916666666666668 0.8221044233612556
21.944444444444443 0.8219519873265279
21.97222222222222 0.8217996341129775
22.0 0.8216473636600841
22.02777777777778 0.8214951759073816
22.055555555555557 0.8213430707944576
22.083333333333332 0.821191048260953
22.11111111111111 0.8210391082465636
22.13888888888889 0.8208872506910383
22.166666666666668 0.8207354755341795
22.194444444444443 0.8205837827158439
22.22222222222222 0.8204321721759411
22.25 0.8202806438544352
22.27777777777778 0.8201291976913434
22.305555555555557 0.819977833626736
22.333333333333332 0.8198265516007368
22.36111111111111 0.8196753515535243
22.38888888888889 0.8195242334253281
22.416666666666668 0.8193731971564335
22.444444444444443 0.819222242687177
22.47222222222222 0.8190713699579494
22.5 0.8189205789091943
22.52777777777778 0.8187698694814091
22.555555555555557 0.8186192416151432
22.583333333333332 0.8184686952509997
22.61111111111111 0.8183182303296345
22.63888888888889 0.8181678467917566
22.666666666666668 0.8180175445781271
22.694444444444443 0.8178673236295613
22.72222222222222 0.817717183886926
22.75 0.8175671252911412
22.77777777777778 0.8174171477831799
22.805555555555557 0.8172672513040672
22.833333333333332 0.8171174357948813
22.86111111111111 0.8169677011967527
22.88888888888889 0.8168180474508638
22.916666666666668 0.8166684744984506
22.944444444444443 0.8165189822808008
22.97222222222222 0.8163695707392546
23.0 0.8162202398152046
23.02777777777778 0.8160709894500954
23.055555555555557 0.8159218195854235
23.083333333333332 0.8157727301627385
23.11111111111111 0.8156237211236418
23.13888888888889 0.8154747924097862
23.166666666666668 0.8153259439628773
23.194444444444443 0.8151771757246721
23.22222222222222 0.8150284876369799
23.25 0.8148798796416618
23.27777777777778 0.8147313516806305
23.305555555555557 0.8145829036958511
23.333333333333332 0.8144345356293397
23.36111111111111 0.8142862474231644
23.38888888888889 0.814138039019445
23.416666666666668 0.8139899103603524
23.444444444444443 0.81384186138811
23.47222222222222 0.8136938920449919
23.5 0.8135460022733234
23.52777777777778 0.8133981920154826
23.555555555555557 0.8132504612138972
23.583333333333332 0.8131028098110478
23.61111111111111 0.8129552377494648
23.63888888888889 0.8128077449717306
23.666666666666668 0.8126603314204789
23.694444444444443 0.8125129970383939
23.72222222222222 0.8123657417682114
23.75 0.8122185655527179
23.77777777777778 0.8120714683347514
23.805555555555557 0.8119244500571998
23.833333333333332 0.8117775106630029
23.86111111111111 0.8116306500951507
23.88888888888889 0.8114838682966842
23.916666666666668 0.8113371652106952
23.944444444444443 0.8111905407803262
23.97222222222222 0.81104399494877
24.0 0.8108975276592701
