0.0 0.055302865815672085
0.027777777777777776 0.2410358017461216
0.05555555555555555 0.35747331279737365
0.08333333333333333 0.44576181346215266
0.1111111111111111 0.5174573342993973
0.1388888888888889 0.577448674355288
0.16666666666666666 0.6284032326404829
0.19444444444444445 0.6720530386963055
0.2222222222222222 0.7096559475638647
0.25 0.7421874006506446
0.2777777777777778 0.7704318878869508
0.3055555555555556 0.795033176984653
0.3333333333333333 0.8165257660566482
0.3611111111111111 0.8353567138650317
0.3888888888888889 0.8519018796069692
0.4166666666666667 0.866478528224598
0.4444444444444444 0.8793553640345992
0.4722222222222222 0.8907606397161832
0.5 0.9008887740577516
0.5277777777777778 0.9099057894932254
0.5555555555555556 0.9179538029553983
0.5833333333333334 0.925154750437433
0.6111111111111112 0.9316134871468471
0.6388888888888888 0.9374203761993688
0.6666666666666666 0.942653456538651
0.6944444444444444 0.9473802633734095
0.7222222222222222 0.9516593606828326
0.75 0.9555416343975096
0.7777777777777778 0.9590713860901849
0.8055555555555556 0.9622872599392114
0.8333333333333334 0.9652230300004613
0.8611111111111112 0.967908270165359
0.8888888888888888 0.9703689253794723
0.9166666666666666 0.9726277995799025
0.9444444444444444 0.974704973248118
0.9722222222222222 0.9766181613627976
1.0 0.9783830207909068
1.0277777777777777 0.980013414707472
1.0555555555555556 0.9815216404313336
1.0833333333333333 0.9829186260618767
1.1111111111111112 0.9842141004650102
1.1388888888888888 0.9854167404566587
1.1666666666666667 0.9865342984452574
1.1944444444444444 0.9875737133019761
1.2222222222222223 0.9885412068127968
1.25 0.9894423677171843
1.2777777777777777 0.9902822250431184
1.3055555555555556 0.9910653121988894
1.3333333333333333 0.9917957230708554
1.3611111111111112 0.9924771611972805
1.3888888888888888 0.9931129829362483
1.4166666666666667 0.9937062354162775
1.4444444444444444 0.9942596899480859
1.4722222222222223 0.9947758714819723
1.5 0.9952570846150371
1.5277777777777777 0.9957054365838297
1.5555555555555556 0.9961228576192601
1.5833333333333333 0.9965111189902225
1.6111111111111112 0.9968718490191221
1.6388888888888888 0.9972065473153328
1.6666666666666667 0.9975165974405882
1.6944444444444444 0.9978032781927477
1.7222222222222223 0.9980677736705671
1.75 0.9983111822615351
1.7777777777777777 0.9985345246770535
1.8055555555555556 0.9987387511438042
1.8333333333333333 0.9989247478467912
1.8611111111111112 0.9990933427079156
1.8888888888888888 0.999245310573839
1.9166666666666667 0.9993813778780943
1.9444444444444444 0.9995022268347241
1.9722222222222223 0.9996084992140276
2.0 0.9997007997451297
2.0277777777777777 0.9997796991849629
2.0555555555555554 0.999845737088748
2.0833333333333335 0.9998994243131106
2.111111111111111 0.9999412452795001
2.138888888888889 0.9999716600225225
2.1666666666666665 0.9999911060451
2.1944444444444446 1.0
2.2222222222222223 0.9999987392151761
2.25 0.999987703078498
2.2777777777777777 0.9999672542958135
2.3055555555555554 0.999937740034815
2.3333333333333335 0.9998994929658993
2.361111111111111 0.9998528322100465
2.388888888888889 0.9997980642027261
2.4166666666666665 0.9997354834819245
2.4444444444444446 0.9996653734075717
2.4722222222222223 0.9995880068189152
2.5 0.9995036466357506
2.5277777777777777 0.9994125464088188
2.5555555555555554 0.9993149508241759
2.5833333333333335 0.9992110961658642
2.611111111111111 0.9991012107407973
2.638888888888889 0.9989855152693947
2.6666666666666665 0.9988642232451636
2.6944444444444446 0.99873754126612
2.7222222222222223 0.9986056693406657
2.75 0.9984688011702942
2.7777777777777777 0.9983271244112678
2.8055555555555554 0.9981808209172172
2.8333333333333335 0.9980300669644193
2.861111111111111 0.9978750334613591
2.888888888888889 0.9977158861440164
2.9166666666666665 0.9975527857581976
2.9444444444444446 0.9973858882300988
2.9722222222222223 0.9972153448261869
3.0 0.9970413023033676
3.0277777777777777 0.9968639030503403
3.0555555555555554 0.9966832852209345
3.0833333333333335 0.9964995828601644
3.111111111111111 0.996312926023657
3.138888888888889 0.9961234408910543
3.1666666666666665 0.995931249873934
3.1944444444444446 0.9957364717187315
3.2222222222222223 0.9955392216051123
3.25 0.9953396112401945
3.2777777777777777 0.9951377489489762
3.3055555555555554 0.9949337397613058
3.3333333333333335 0.9947276854956733
3.361111111111111 0.9945196848401023
3.388888888888889 0.9943098334303702
3.4166666666666665 0.9940982239257736
3.4444444444444446 0.9938849460826307
3.4722222222222223 0.9936700868256939
3.5 0.993453730317622
3.5277777777777777 0.9932359580266517
3.5555555555555554 0.993016848792592
3.5833333333333335 0.9927964788912483
3.611111111111111 0.9925749220973723
3.638888888888889 0.9923522497462268
3.6666666666666665 0.9921285307938368
3.6944444444444446 0.9919038318759994
3.7222222222222223 0.9916782173661048
3.75 0.9914517494318266
3.7777777777777777 0.9912244880907229
3.8055555555555554 0.9909964912647901
3.8333333333333335 0.9907678148340036
3.861111111111111 0.9905385126888749
3.888888888888889 0.9903086367820532
3.9166666666666665 0.990078237178991
3.9444444444444446 0.9898473621077011
3.9722222222222223 0.9896160580076083
4.0 0.9893843695775288
4.027777777777778 0.9891523398227747
4.055555555555555 0.9889200101014013
4.083333333333333 0.9886874201696084
4.111111111111111 0.9884546082263033
4.138888888888889 0.9882216109568253
4.166666666666667 0.9879884635758551
4.194444444444445 0.9877551998694972
4.222222222222222 0.9875218522365542
4.25 0.987288451728991
4.277777777777778 0.9870550280915983
4.305555555555555 0.9868216098008556
4.333333333333333 0.9865882241030054
4.361111111111111 0.9863548970513365
4.388888888888889 0.9861216535426867
4.416666666666667 0.9858885173531663
4.444444444444445 0.9856555111731121
4.472222222222222 0.9854226566412722
4.5 0.985189974378232
4.527777777777778 0.984957484019084
4.555555555555555 0.9847252042453537
4.583333333333333 0.9844931528161766
4.611111111111111 0.9842613465987489
4.638888888888889 0.9840298015980474
4.666666666666667 0.9837985329858283
4.694444444444445 0.9835675551289172
4.722222222222222 0.9833368816167977
4.75 0.9831065252885003
4.777777777777778 0.9828764982588093
4.805555555555555 0.9826468119437911
4.833333333333333 0.9824174770856574
4.861111111111111 0.9821885037769676
4.888888888888889 0.9819599014841849
4.916666666666667 0.9817316790705939
4.944444444444445 0.9815038448185911
4.972222222222222 0.9812764064513553
5.0 0.9810493711539139
5.027777777777778 0.9808227455936112
5.055555555555555 0.9805965359399911
5.083333333333333 0.9803707478841037
5.111111111111111 0.9801453866572516
5.138888888888889 0.979920457049178
5.166666666666667 0.9796959634257157
5.194444444444445 0.9794719097459063
5.222222222222222 0.9792482995785953
5.25 0.9790251361185216
5.277777777777778 0.978802422201908
5.305555555555555 0.9785801603215649
5.333333333333333 0.9783583526415176
5.361111111111111 0.9781370010111695
5.388888888888889 0.97791610697901
5.416666666666667 0.9776956718058784
5.444444444444445 0.9774756964777981
5.472222222222222 0.9772561817183842
5.5 0.9770371280008436
5.527777777777778 0.9768185355595705
5.555555555555555 0.9766004044013535
5.583333333333333 0.9763827343161979
5.611111111111111 0.9761655248877824
5.638888888888889 0.9759487755035496
5.666666666666667 0.9757324853644471
5.694444444444445 0.9755166534943286
5.722222222222222 0.9753012787490178
5.75 0.9750863598250551
5.777777777777778 0.9748718952681235
5.805555555555555 0.9746578834811745
5.833333333333333 0.974444322732255
5.861111111111111 0.9742312111620475
5.888888888888889 0.9740185467911285
5.916666666666667 0.9738063275269588
5.944444444444445 0.9735945511706084
5.972222222222222 0.9733832154232269
6.0 0.973172317892266
6.027777777777778 0.9729618560974617
6.055555555555555 0.9727518274765857
6.083333333333333 0.9725422293909693
6.111111111111111 0.97233305913081
6.138888888888889 0.9721243139202667
6.166666666666667 0.971915990922349
6.194444444444445 0.9717080872436115
6.222222222222222 0.9715005999386517
6.25 0.9712935260144272
6.277777777777778 0.9710868624343894
6.305555555555555 0.9708806061224455
6.333333333333333 0.9706747539667548
6.361111111111111 0.9704693028233573
6.388888888888889 0.970264249519652
6.416666666666667 0.9700595908577176
6.444444444444445 0.9698553236174934
6.472222222222222 0.9696514445598134
6.5 0.9694479504293063
6.527777777777778 0.9692448379571643
6.555555555555555 0.9690421038637844
6.583333333333333 0.968839744861287
6.611111111111111 0.9686377576559164
6.638888888888889 0.9684361389503264
6.666666666666667 0.9682348854457583
6.694444444444445 0.9680339938441096
6.722222222222222 0.9678334608499051
6.75 0.967633283172163
6.777777777777778 0.9674334575261736
6.805555555555555 0.967233980635182
6.833333333333333 0.9670348492319835
6.861111111111111 0.9668360600604357
6.888888888888889 0.9666376098768882
6.916666666666667 0.9664394954515346
6.944444444444445 0.9662417135696888
6.972222222222222 0.9660442610329879
7.0 0.9658471346605282
7.027777777777778 0.9656503312899305
7.055555555555555 0.9654538477783452
7.083333333333333 0.9652576810033905
7.111111111111111 0.9650618278640368
7.138888888888889 0.9648662852814297
7.166666666666667 0.9646710501996615
7.194444444444445 0.9644761195864875
7.222222222222222 0.9642814904339939
7.25 0.9640871597592165
7.277777777777778 0.9638931246047137
7.305555555555555 0.963699382039094
7.333333333333333 0.9635059291575035
7.361111111111111 0.9633127630820686
7.388888888888889 0.9631198809623045
7.416666666666667 0.9629272799754826
7.444444444444445 0.9627349573269641
7.472222222222222 0.9625429102504991
7.5 0.9623511360084928
7.527777777777778 0.9621596318922424
7.555555555555555 0.9619683952221398
7.583333333333333 0.9617774233478512
7.611111111111111 0.9615867136484655
7.638888888888889 0.9613962635326205
7.666666666666667 0.9612060704386
7.694444444444445 0.9610161318344115
7.722222222222222 0.9608264452178397
7.75 0.960637008116478
7.777777777777778 0.9604478180877417
7.805555555555555 0.9602588727188607
7.833333333333333 0.9600701696268532
7.861111111111111 0.9598817064584841
7.888888888888889 0.9596934808902055
7.916666666666667 0.9595054906280814
7.944444444444445 0.9593177334076984
7.972222222222222 0.959130206994063
8.0 0.9589429091814836
8.027777777777779 0.9587558377934411
8.055555555555555 0.9585689906824487
8.083333333333334 0.9583823657298999
8.11111111111111 0.9581959608459039
8.13888888888889 0.9580097739691157
8.166666666666666 0.9578238030665532
8.194444444444445 0.9576380461334065
8.222222222222221 0.9574525011928392
8.25 0.9572671662957838
8.277777777777779 0.9570820395207263
8.305555555555555 0.9568971189734896
8.333333333333334 0.9567124027870041
8.36111111111111 0.9565278891210783
8.38888888888889 0.9563435761621626
8.416666666666666 0.9561594621231052
8.444444444444445 0.9559755452429097
8.472222222222221 0.9557918237864811
8.5 0.9556082960443748
8.527777777777779 0.9554249603325381
8.555555555555555 0.9552418149920506
8.583333333333334 0.9550588583888618
8.61111111111111 0.9548760889135245
8.63888888888889 0.9546935049809281
8.666666666666666 0.9545111050300303
8.694444444444445 0.9543288875235836
8.722222222222221 0.9541468509478661
8.75 0.953964993812407
8.777777777777779 0.9537833146497114
8.805555555555555 0.9536018120149876
8.833333333333334 0.9534204844858696
8.86111111111111 0.9532393306621431
8.88888888888889 0.9530583491654694
8.916666666666666 0.9528775386391103
8.944444444444445 0.9526968977476519
8.972222222222221 0.9525164251767307
9.0 0.9523361196327589
9.027777777777779 0.9521559798426512
9.055555555555555 0.9519760045535524
9.083333333333334 0.9517961925325649
9.11111111111111 0.9516165425664792
9.13888888888889 0.9514370534615034
9.166666666666666 0.9512577240429974
9.194444444444445 0.9510785531552035
9.222222222222221 0.9508995396609835
9.25 0.9507206824415546
9.277777777777779 0.9505419803962274
9.305555555555555 0.9503634324421464
9.333333333333334 0.9501850375140319
9.36111111111111 0.9500067945639245
9.38888888888889 0.9498287025609291
9.416666666666666 0.9496507604909654
9.444444444444445 0.9494729673565158
9.472222222222221 0.9492953221763782
9.5 0.9491178239854214
9.527777777777779 0.9489404718343399
9.555555555555555 0.9487632647894142
9.583333333333334 0.9485862019322714
9.61111111111111 0.9484092823596495
9.63888888888889 0.9482325051831626
9.666666666666666 0.9480558695290691
9.694444444444445 0.9478793745380437
9.722222222222221 0.94770301936495
9.75 0.9475268031786164
9.777777777777779 0.9473507251616137
9.805555555555555 0.9471747845100376
9.833333333333334 0.9469989804332897
9.86111111111111 0.946823312153865
9.88888888888889 0.9466477789071407
9.916666666666666 0.9464723799411644
9.944444444444445 0.9462971145164515
9.972222222222221 0.9461219819057783
10.0 0.9459469813939814
10.027777777777779 0.9457721122777591
10.055555555555555 0.9455973738654756
10.083333333333334 0.9454227654769649
10.11111111111111 0.9452482864433429
10.13888888888889 0.945073936106816
10.166666666666666 0.9448997138204964
10.194444444444445 0.9447256189482176
10.222222222222221 0.944551650864354
10.25 0.9443778089536415
10.277777777777779 0.9442040926110018
10.305555555555555 0.9440305012413682
10.333333333333334 0.9438570342595147
10.36111111111111 0.9436836910898878
10.38888888888889 0.9435104711664379
10.416666666666666 0.9433373739324575
10.444444444444445 0.9431643988404191
10.472222222222221 0.942991545351815
10.5 0.9428188129370004
10.527777777777779 0.9426462010750412
10.555555555555555 0.9424737092535574
10.583333333333334 0.9423013369685774
10.61111111111111 0.9421290837243878
10.63888888888889 0.9419569490333882
10.666666666666666 0.9417849324159491
10.694444444444445 0.9416130334002687
10.722222222222221 0.9414412515222366
10.75 0.9412695863252952
10.777777777777779 0.9410980373603061
10.805555555555555 0.9409266041854172
10.833333333333334 0.9407552863659324
10.86111111111111 0.9405840834741834
10.88888888888889 0.9404129950894037
10.916666666666666 0.9402420207976034
10.944444444444445 0.940071160191449
10.972222222222221 0.9399004128701403
11.0 0.939729778439295
11.027777777777779 0.9395592565108297
11.055555555555555 0.9393888467028486
11.083333333333334 0.9392185486395276
11.11111111111111 0.9390483619510058
11.13888888888889 0.938878286273276
11.166666666666666 0.9387083212480769
11.194444444444445 0.9385384665227893
11.222222222222221 0.9383687217503313
11.25 0.9381990865890577
11.277777777777779 0.9380295607026587
11.305555555555555 0.9378601437600625
11.333333333333334 0.9376908354353377
11.36111111111111 0.9375216354075998
11.38888888888889 0.9373525433609162
11.416666666666666 0.9371835589842152
11.444444444444445 0.937014681971196
11.472222222222221 0.9368459120202388
11.5 0.9366772488343195
11.527777777777779 0.9365086921209226
11.555555555555555 0.936340241591958
11.583333333333334 0.9361718969636774
11.61111111111111 0.9360036579565946
11.63888888888889 0.9358355242954038
11.666666666666666 0.9356674957089033
11.694444444444445 0.935499571929917
11.722222222222221 0.935331752695218
11.75 0.9351640377454576
11.777777777777779 0.9349964268250892
11.805555555555555 0.9348289196822976
11.833333333333334 0.9346615160689294
11.86111111111111 0.9344942157404228
11.88888888888889 0.9343270184557403
11.916666666666666 0.9341599239773022
11.944444444444445 0.9339929320709198
11.972222222222221 0.9338260425057333
12.0 0.9336592550541475
12.027777777777779 0.9334925694917696
12.055555555555555 0.933325985597349
12.083333333333334 0.9331595031527176
12.11111111111111 0.9329931219427295
12.13888888888889 0.9328268417552067
12.166666666666666 0.9326606623808791
12.194444444444445 0.9324945836133316
12.222222222222221 0.9323286052489487
12.25 0.9321627270868609
12.277777777777779 0.9319969489288922
12.305555555555555 0.9318312705795093
12.333333333333334 0.9316656918457704
12.36111111111111 0.9315002125372758
12.38888888888889 0.9313348324661199
12.416666666666666 0.9311695514468414
12.444444444444445 0.9310043692963801
12.472222222222221 0.9308392858340263
12.5 0.9306743008813798
12.527777777777779 0.9305094142623034
12.555555555555555 0.9303446258028797
12.583333333333334 0.9301799353313686
12.61111111111111 0.9300153426781661
12.63888888888889 0.9298508476757628
12.666666666666666 0.9296864501587028
12.694444444444445 0.9295221499635457
12.722222222222221 0.9293579469288262
12.75 0.929193840895019
12.777777777777779 0.9290298317044976
12.805555555555555 0.9288659192015003
12.833333333333334 0.9287021032320942
12.86111111111111 0.9285383836441389
12.88888888888889 0.9283747602872526
12.916666666666666 0.9282112330127781
12.944444444444445 0.9280478016737499
12.972222222222221 0.9278844661248615
13.0 0.9277212262224326
13.027777777777779 0.927558081824379
13.055555555555555 0.9273950327901817
13.083333333333334 0.9272320789808559
13.11111111111111 0.9270692202589218
13.13888888888889 0.9269064564883763
13.166666666666666 0.9267437875346636
13.194444444444445 0.926581213264648
13.222222222222221 0.9264187335465863
13.25 0.9262563482501006
13.277777777777779 0.9260940572461525
13.305555555555555 0.9259318604070174
13.333333333333334 0.9257697576062589
13.36111111111111 0.9256077487187049
13.38888888888889 0.9254458336204207
13.416666666666666 0.9252840121886889
13.444444444444445 0.9251222843019833
13.472222222222221 0.9249606498399471
13.5 0.9247991086833699
13.527777777777779 0.924637660714166
13.555555555555555 0.9244763058153538
13.583333333333334 0.924315043871032
13.61111111111111 0.9241538747663611
13.63888888888889 0.923992798387544
13.666666666666666 0.9238318146218021
13.694444444444445 0.9236709233573595
13.722222222222221 0.9235101244834227
13.75 0.9233494178901608
13.777777777777779 0.9231888034686885
13.805555555555555 0.9230282811110476
13.833333333333334 0.9228678507101887
13.86111111111111 0.9227075121599543
13.88888888888889 0.9225472653550625
13.916666666666666 0.9223871101910893
13.944444444444445 0.9222270465644531
13.972222222222221 0.9220670743723972
14.0 0.9219071935129765
14.027777777777779 0.9217474038850398
14.055555555555555 0.9215877053882165
14.083333333333334 0.9214280979229007
14.11111111111111 0.921268581390237
14.13888888888889 0.9211091556921067
14.166666666666666 0.9209498207311132
14.194444444444445 0.9207905764105696
14.222222222222221 0.9206314226344833
14.25 0.9204723593075452
14.277777777777779 0.9203133863351155
14.305555555555555 0.9201545036232109
14.333333333333334 0.9199957110784943
14.36111111111111 0.9198370086082597
14.38888888888889 0.9196783961204228
14.416666666666666 0.9195198735235081
14.444444444444445 0.9193614407266385
14.472222222222221 0.9192030976395235
14.5 0.9190448441724479
14.527777777777779 0.9188866802362631
14.555555555555555 0.9187286057423732
14.583333333333334 0.9185706206027286
14.61111111111111 0.9184127247298128
14.63888888888889 0.9182549180366346
14.666666666666666 0.9180972004367174
14.694444444444445 0.9179395718440903
14.722222222222221 0.9177820321732783
14.75 0.9176245813392933
14.777777777777779 0.9174672192576259
14.805555555555555 0.9173099458442359
14.833333333333334 0.917152761015544
14.86111111111111 0.9169956646884228
14.88888888888889 0.9168386567801913
14.916666666666666 0.9166817372086022
14.944444444444445 0.9165249058918385
14.972222222222221 0.9163681627485034
15.0 0.9162115076976138
15.027777777777779 0.9160549406585904
15.055555555555555 0.915898461551255
15.083333333333334 0.9157420702958193
15.11111111111111 0.9155857668128801
15.13888888888889 0.9154295510234115
15.166666666666666 0.9152734228487589
15.194444444444445 0.915117382210632
15.222222222222221 0.9149614290310982
15.25 0.9148055632325771
15.277777777777779 0.9146497847378333
15.305555555555555 0.9144940934699716
15.333333333333334 0.9143384893524302
15.36111111111111 0.9141829723089746
15.38888888888889 0.9140275422636936
15.416666666666666 0.9138721991409918
15.444444444444445 0.9137169428655852
15.472222222222221 0.9135617733624957
15.5 0.9134066905570453
15.527777777777779 0.9132516943748527
15.555555555555555 0.913096784741826
15.583333333333334 0.9129419615841594
15.61111111111111 0.912787224828328
15.63888888888889 0.9126325744010825
15.666666666666666 0.9124780102294456
15.694444444444445 0.912323532240707
15.722222222222221 0.9121691403624179
15.75 0.9120148345223889
15.777777777777779 0.9118606146486846
15.805555555555555 0.9117064806696181
15.833333333333334 0.9115524325137494
15.86111111111111 0.9113984701098793
15.88888888888889 0.9112445933870468
15.916666666666666 0.9110908022745253
15.944444444444445 0.9109370967018179
15.972222222222221 0.9107834765986542
16.0 0.9106299418949871
16.02777777777778 0.9104764925209883
16.055555555555557 0.9103231284070457
16.083333333333332 0.9101698494837599
16.11111111111111 0.9100166556819408
16.13888888888889 0.9098635469326035
16.166666666666668 0.9097105231669673
16.194444444444443 0.9095575843164495
16.22222222222222 0.9094047303126658
16.25 0.9092519610874238
16.27777777777778 0.9090992765727232
16.305555555555557 0.9089466767007505
16.333333333333332 0.9087941614038774
16.36111111111111 0.9086417306146587
16.38888888888889 0.9084893842658283
16.416666666666668 0.908337122290296
16.444444444444443 0.9081849446211474
16.47222222222222 0.9080328511916397
16.5 0.9078808419351978
16.52777777777778 0.9077289167854153
16.555555555555557 0.9075770756760498
16.583333333333332 0.90742531854102
16.61111111111111 0.907273645314406
16.63888888888889 0.9071220559304446
16.666666666666668 0.9069705503235279
16.694444444444443 0.9068191284282021
16.72222222222222 0.9066677901791635
16.75 0.9065165355112581
16.77777777777778 0.9063653643594791
16.805555555555557 0.9062142766589639
16.833333333333332 0.9060632723449951
16.86111111111111 0.905912351352994
16.88888888888889 0.9057615136185223
16.916666666666668 0.9056107590772797
16.944444444444443 0.9054600876651011
16.97222222222222 0.9053094993179558
17.0 0.905158993971945
17.02777777777778 0.9050085715633006
17.055555555555557 0.904858232028384
17.083333333333332 0.9047079753036827
17.11111111111111 0.9045578013258118
17.13888888888889 0.9044077100315089
17.166666666666668 0.9042577013576346
17.194444444444443 0.9041077752411721
17.22222222222222 0.9039579316192228
17.25 0.9038081704290066
17.27777777777778 0.9036584916078613
17.305555555555557 0.9035088950932392
17.333333333333332 0.9033593808227068
17.36111111111111 0.9032099487339451
17.38888888888889 0.9030605987647446
17.416666666666668 0.9029113308530075
17.444444444444443 0.9027621449367446
17.47222222222222 0.9026130409540746
17.5 0.9024640188432226
17.52777777777778 0.9023150785425201
17.555555555555557 0.9021662199904024
17.583333333333332 0.902017443125408
17.61111111111111 0.9018687478861775
17.63888888888889 0.9017201342114533
17.666666666666668 0.9015716020400774
17.694444444444443 0.9014231513109906
17.72222222222222 0.9012747819632321
17.75 0.9011264939359376
17.77777777777778 0.9009782871683395
17.805555555555557 0.9008301615997651
17.833333333333332 0.9006821171696353
17.86111111111111 0.9005341538174657
17.88888888888889 0.9003862714828621
17.916666666666668 0.9002384701055237
17.944444444444443 0.9000907496252389
17.97222222222222 0.8999431099818871
18.0 0.899795551115436
18.02777777777778 0.8996480729659412
18.055555555555557 0.8995006754735461
18.083333333333332 0.8993533585784803
18.11111111111111 0.8992061222210594
18.13888888888889 0.8990589663416847
18.166666666666668 0.8989118908808402
18.194444444444443 0.8987648957790951
18.22222222222222 0.8986179809771008
18.25 0.8984711464155907
18.27777777777778 0.8983243920353802
18.305555555555557 0.898177717777365
18.333333333333332 0.8980311235825215
18.36111111111111 0.8978846093919054
18.38888888888889 0.8977381751466514
18.416666666666668 0.8975918207879727
18.444444444444443 0.89744554625716
18.47222222222222 0.897299351495581
18.5 0.8971532364446807
18.52777777777778 0.8970072010459785
18.555555555555557 0.8968612452410714
18.583333333333332 0.896715368971629
18.61111111111111 0.8965695721793967
18.63888888888889 0.8964238548061936
18.666666666666668 0.896278216793912
18.694444444444443 0.8961326580845166
18.72222222222222 0.8959871786200447
18.75 0.8958417783426053
18.77777777777778 0.8956964571943786
18.805555555555557 0.895551215117616
18.833333333333332 0.8954060520546399
18.86111111111111 0.8952609679478408
18.88888888888889 0.8951159627396803
18.916666666666668 0.8949710363726886
18.944444444444443 0.8948261887894645
18.97222222222222 0.8946814199326754
19.0 0.8945367297450556
19.02777777777778 0.894392118169408
19.055555555555557 0.8942475851486014
19.083333333333332 0.8941031306255719
19.11111111111111 0.8939587545433217
19.13888888888889 0.8938144568449199
19.166666666666668 0.8936702374734984
19.194444444444443 0.8935260963722572
19.22222222222222 0.8933820334844593
19.25 0.8932380487534333
19.27777777777778 0.8930941421225702
19.305555555555557 0.892950313535327
19.333333333333332 0.8928065629352223
19.36111111111111 0.8926628902658394
19.38888888888889 0.8925192954708231
19.416666666666668 0.8923757784938814
19.444444444444443 0.8922323392787841
19.47222222222222 0.8920889777693627
19.5 0.8919456939095113
19.52777777777778 0.8918024876431843
19.555555555555557 0.8916593589143975
19.583333333333332 0.8915163076672278
19.61111111111111 0.8913733338458115
19.63888888888889 0.8912304373943465
19.666666666666668 0.8910876182570894
19.694444444444443 0.8909448763783572
19.72222222222222 0.8908022117025258
19.75 0.8906596241740317
19.77777777777778 0.8905171137373681
19.805555555555557 0.8903746803370884
19.833333333333332 0.8902323239178038
19.86111111111111 0.8900900444241842
19.88888888888889 0.8899478418009569
19.916666666666668 0.8898057159929074
19.944444444444443 0.8896636669448782
19.97222222222222 0.8895216946017701
20.0 0.8893797989085395
20.02777777777778 0.8892379798102013
20.055555555555557 0.8890962372518255
20.083333333333332 0.8889545711785398
20.11111111111111 0.8888129815355276
20.13888888888889 0.8886714682680283
20.166666666666668 0.8885300313213372
20.194444444444443 0.8883886706408053
20.22222222222222 0.8882473861718393
20.25 0.8881061778599011
20.27777777777778 0.8879650456505073
20.305555555555557 0.8878239894892304
20.333333333333332 0.8876830093216962
20.36111111111111 0.8875421050935863
20.38888888888889 0.8874012767506364
20.416666666666668 0.8872605242386362
20.444444444444443 0.8871198475034291
20.47222222222222 0.8869792464909135
20.5 0.886838721147041
20.52777777777778 0.8866982714178157
20.555555555555557 0.8865578972492971
20.583333333333332 0.8864175985875965
20.61111111111111 0.8862773753788794
20.63888888888889 0.8861372275693629
20.666666666666668 0.8859971551053185
20.694444444444443 0.8858571579330684
20.72222222222222 0.8857172359989894
20.75 0.8855773892495096
20.77777777777778 0.8854376176311094
20.805555555555557 0.8852979210903212
20.833333333333332 0.8851582995737302
20.86111111111111 0.885018753027972
20.88888888888889 0.8848792813997355
20.916666666666668 0.8847398846357599
20.944444444444443 0.8846005626828366
20.97222222222222 0.8844613154878079
21.0 0.8843221429975675
21.02777777777778 0.8841830451590607
21.055555555555557 0.8840440219192823
21.083333333333332 0.8839050732252796
21.11111111111111 0.883766199024149
21.13888888888889 0.8836273992630389
21.166666666666668 0.8834886738891476
21.194444444444443 0.8833500228497239
21.22222222222222 0.8832114460920663
21.25 0.8830729435635242
21.27777777777778 0.8829345152114967
21.305555555555557 0.8827961609834326
21.333333333333332 0.8826578808268308
21.36111111111111 0.8825196746892404
21.38888888888889 0.8823815425182587
21.416666666666668 0.8822434842615337
21.444444444444443 0.8821054998667627
21.47222222222222 0.8819675892816917
21.5 0.8818297524541164
21.52777777777778 0.8816919893318815
21.555555555555557 0.8815542998628808
21.583333333333332 0.8814166839950569
21.61111111111111 0.8812791416764008
21.63888888888889 0.8811416728549526
21.666666666666668 0.8810042774788015
21.694444444444443 0.8808669554960845
21.72222222222222 0.8807297068549874
21.75 0.8805925315037441
21.77777777777778 0.8804554293906366
21.805555555555557 0.880318400463996
21.833333333333332 0.8801814446722012
21.86111111111111 0.8800445619636776
21.88888888888889 0.8799077522869012
21.916666666666668 0.879771015590393
21.944444444444443 0.8796343518227239
21.97222222222222 0.879497760932511
22.0 0.8793612428684201
22.02777777777778 0.8792247975791644
22.055555555555557 0.8790884250135036
22.083333333333332 0.8789521251202452
22.11111111111111 0.8788158978482448
22.13888888888889 0.8786797431464038
22.166666666666668 0.8785436609636713
22.194444444444443 0.8784076512490437
22.22222222222222 0.8782717139515642
22.25 0.8781358490203226
22.27777777777778 0.8780000564044557
22.305555555555557 0.8778643360531473
22.333333333333332 0.8777286879156275
22.36111111111111 0.877593111941173
22.38888888888889 0.8774576080791072
22.416666666666668 0.8773221762787999
22.444444444444443 0.877186816489667
22.47222222222222 0.8770515286611708
22.5 0.87691631274282
22.52777777777778 0.8767811686841694
22.555555555555557 0.8766460964348202
22.583333333333332 0.8765110959444187
22.61111111111111 0.876376167162658
22.63888888888889 0.8762413100392769
22.666666666666668 0.8761065245240596
22.694444444444443 0.875971810566837
22.72222222222222 0.8758371681174847
22.75 0.8757025971259241
22.77777777777778 0.8755680975421227
22.805555555555557 0.8754336693160929
22.833333333333332 0.8752993123978929
22.86111111111111 0.8751650267376263
22.88888888888889 0.8750308122854414
22.916666666666668 0.8748966689915328
22.944444444444443 0.8747625968061393
22.97222222222222 0.874628595679545
23.0 0.8744946655620791
23.02777777777778 0.8743608064041166
23.055555555555557 0.8742270181560758
23.083333333333332 0.8740933007684211
23.11111111111111 0.8739596541916619
23.13888888888889 0.8738260783763511
23.166666666666668 0.8736925732730877
23.194444444444443 0.8735591388325145
23.22222222222222 0.8734257750053187
23.25 0.8732924817422328
23.27777777777778 0.8731592589940335
23.305555555555557 0.8730261067115412
23.333333333333332 0.8728930248456215
23.36111111111111 0.8727600133471837
23.38888888888889 0.8726270721671822
23.416666666666668 0.872494201256614
23.444444444444443 0.8723614005665222
23.47222222222222 0.8722286700479922
23.5 0.8720960096521545
23.52777777777778 0.8719634193301828
23.555555555555557 0.8718308990332956
23.583333333333332 0.8716984487127548
23.61111111111111 0.8715660683198655
23.63888888888889 0.8714337578059773
23.666666666666668 0.8713015171224834
23.694444444444443 0.8711693462208199
23.72222222222222 0.8710372450524674
23.75 0.8709052135689499
23.77777777777778 0.8707732517218344
23.805555555555557 0.8706413594627311
23.833333333333332 0.8705095367432945
23.86111111111111 0.870377783515222
23.88888888888889 0.8702460997302537
23.916666666666668 0.8701144853401737
23.944444444444443 0.8699829402968087
23.97222222222222 0.8698514645520287
