0.0 1.0
0.027777777777777776 0.9929660930798291
0.05555555555555555 0.9885054202077964
0.08333333333333333 0.9850879275057377
0.1111111111111111 0.982284694020833
0.1388888888888889 0.9799151487869948
0.16666666666666666 0.9778809330541689
0.19444444444444445 0.976118117074842
0.2222222222222222 0.974580174386236
0.25 0.9732309427107845
0.2777777777777778 0.9720412804907371
0.3055555555555556 0.9709872339170815
0.3333333333333333 0.9700488881866428
0.3611111111111111 0.9692095681394127
0.3888888888888889 0.9684552417016054
0.4166666666666667 0.9677740554068168
0.4444444444444444 0.9671559636802711
0.4722222222222222 0.9665924285563066
0.5 0.9660761741600326
0.5277777777777778 0.9656009846633846
0.5555555555555556 0.9651615372033433
0.5833333333333334 0.9647532631613118
0.6111111111111112 0.9643722325941027
0.6388888888888888 0.9640150576574851
0.6666666666666666 0.9636788116748244
0.6944444444444444 0.9633609611398255
0.7222222222222222 0.9630593084467942
0.75 0.9627719435446277
0.7777777777777778 0.9624972030344001
0.8055555555555556 0.9622336354918025
0.8333333333333334 0.9619799720077893
0.8611111111111112 0.961735101113498
0.8888888888888888 0.9614980473967566
0.9166666666666666 0.9612679532333221
0.9444444444444444 0.9610440631513194
0.9722222222222222 0.9608257104260077
1.0 0.9606123055670984
1.0277777777777777 0.9604033264148337
1.0555555555555556 0.9601983096059528
1.0833333333333333 0.9599968432080835
1.1111111111111112 0.95979856035236
1.1388888888888888 0.9596031337202274
1.1666666666666667 0.95941027076233
1.1944444444444444 0.9592197095458063
1.2222222222222223 0.9590312151418284
1.25 0.9588445764782891
1.2777777777777777 0.9586596035935828
1.3055555555555556 0.9584761252367693
1.3333333333333333 0.9582939867672977
1.3611111111111112 0.9581130483141931
1.3888888888888888 0.9579331831602975
1.4166666666666667 0.9577542763219986
1.4444444444444444 0.9575762232990147
1.4722222222222223 0.957398928972323
1.5 0.9572223066313207
1.5277777777777777 0.9570462771138883
1.5555555555555556 0.956870768045218
1.5833333333333333 0.9566957131631648
1.6111111111111112 0.956521051719499
1.6388888888888888 0.9563467279478268
1.6666666666666667 0.9561726905901538
1.6944444444444444 0.9559988924750895
1.7222222222222223 0.9558252901416023
1.75 0.9556518435029779
1.7777777777777777 0.9554785155463346
1.8055555555555556 0.9553052720635944
1.8333333333333333 0.955132081410338
1.8611111111111112 0.9549589142893922
1.8888888888888888 0.9547857435563776
1.9166666666666667 0.9546125440447922
1.9444444444444444 0.9544392924084629
1.9722222222222223 0.9542659669794828
2.0 0.9540925476399542
2.0277777777777777 0.953919015706046
2.0555555555555554 0.953745353823058
2.0833333333333335 0.9535715458703227
2.111111111111111 0.9533975768749108
2.138888888888889 0.9532234329332162
2.1666666666666665 0.9530491011396071
2.1944444444444446 0.9528745695214067
2.2222222222222223 0.9526998269795611
2.25 0.9525248632344061
2.2777777777777777 0.9523496687760228
2.3055555555555554 0.9521742348187119
2.3333333333333335 0.9519985532591793
2.361111111111111 0.9518226166380552
2.388888888888889 0.9516464181044259
2.4166666666666665 0.9514699513830677
2.4444444444444446 0.9512932107441274
2.4722222222222223 0.9511161909750082
2.5 0.950938887354242
2.5277777777777777 0.9507612956271625
2.5555555555555554 0.950583411983205
2.5833333333333335 0.950405233034673
2.611111111111111 0.9502267557968436
2.638888888888889 0.9500479776692731
2.6666666666666665 0.9498688964182047
2.6944444444444446 0.9496895101599698
2.7222222222222223 0.949509817345292
2.75 0.9493298167444209
2.7777777777777777 0.9491495074330131
2.8055555555555554 0.9489688887787016
2.8333333333333335 0.948787960428299
2.861111111111111 0.9486067222955689
2.888888888888889 0.9484251745495342
2.9166666666666665 0.9482433176032703
2.9444444444444446 0.9480611521031496
2.9722222222222223 0.9478786789185041
3.0 0.9476958991316748
3.0277777777777777 0.9475128140284207
3.0555555555555554 0.9473294250886667
3.0833333333333335 0.9471457339775654
3.111111111111111 0.9469617425368562
3.138888888888889 0.9467774527765035
3.1666666666666665 0.9465928668666014
3.1944444444444446 0.9464079871295268
3.2222222222222223 0.9462228160323349
3.25 0.9460373561793795
3.2777777777777777 0.9458516103051555
3.3055555555555554 0.9456655812673525
3.3333333333333335 0.9454792720401086
3.361111111111111 0.9452926857074618
3.388888888888889 0.9451058254569924
3.4166666666666665 0.9449186945736505
3.4444444444444446 0.9447312964337599
3.4722222222222223 0.9445436344992006
3.5 0.9443557123117641
3.5277777777777777 0.9441675334876706
3.5555555555555554 0.9439791017122547
3.5833333333333335 0.94379042073481
3.611111111111111 0.9436014943635933
3.638888888888889 0.9434123264609827
3.6666666666666665 0.9432229209387876
3.6944444444444446 0.9430332817537085
3.7222222222222223 0.9428434129029465
3.75 0.9426533184199551
3.7777777777777777 0.942463002370336
3.8055555555555554 0.942272468847873
3.8333333333333335 0.942081721970708
3.861111111111111 0.9418907658776503
3.888888888888889 0.9416996047246178
3.9166666666666665 0.9415082426812137
3.9444444444444446 0.9413166839274267
3.9722222222222223 0.9411249326504635
4.0 0.940932993041702
4.027777777777778 0.9407408692937682
4.055555555555555 0.9405485655977303
4.083333333333333 0.9403560861404155
4.111111111111111 0.9401634351018349
4.138888888888889 0.9399706166527276
4.166666666666667 0.9397776349522087
4.194444444444445 0.9395844941455309
4.222222222222222 0.9393911983619471
4.25 0.9391977517126776
4.277777777777778 0.9390041582889775
4.305555555555555 0.9388104221603015
4.333333333333333 0.9386165473725656
4.361111111111111 0.9384225379464991
4.388888888888889 0.9382283978760887
4.416666666666667 0.9380341311271096
4.444444444444445 0.9378397416357442
4.472222222222222 0.9376452333072802
4.5 0.9374506100148929
4.527777777777778 0.9372558755985027
4.555555555555555 0.9370610338637091
4.583333333333333 0.9368660885807993
4.611111111111111 0.9366710434838262
4.638888888888889 0.9364759022697542
4.666666666666667 0.9362806685976741
4.694444444444445 0.9360853460880783
4.722222222222222 0.9358899383222011
4.75 0.9356944488414143
4.777777777777778 0.9354988811466863
4.805555555555555 0.9353032386980891
4.833333333333333 0.9351075249143631
4.861111111111111 0.9349117431725305
4.888888888888889 0.9347158968075588
4.916666666666667 0.9345199891120715
4.944444444444445 0.9343240233361017
4.972222222222222 0.9341280026868906
5.0 0.9339319303287258
5.027777777777778 0.9337358093828211
5.055555555555555 0.9335396429272299
5.083333333333333 0.9333434339967998
5.111111111111111 0.933147185583156
5.138888888888889 0.9329509006347212
5.166666666666667 0.9327545820567639
5.194444444444445 0.9325582327114774
5.222222222222222 0.9323618554180878
5.25 0.9321654529529839
5.277777777777778 0.9319690280498782
5.305555555555555 0.9317725833999876
5.333333333333333 0.9315761216522357
5.361111111111111 0.9313796454134807
5.388888888888889 0.931183157248758
5.416666666666667 0.9309866596815456
5.444444444444445 0.9307901551940438
5.472222222222222 0.930593646227473
5.5 0.9303971351823873
5.527777777777778 0.930200624418999
5.555555555555555 0.9300041162575223
5.583333333333333 0.9298076129785232
5.611111111111111 0.9296111168232848
5.638888888888889 0.9294146299941812
5.666666666666667 0.9292181546550633
5.694444444444445 0.9290216929316492
5.722222222222222 0.9288252469119288
5.75 0.9286288186465694
5.777777777777778 0.9284324101493323
5.805555555555555 0.9282360233974947
5.833333333333333 0.9280396603322751
5.861111111111111 0.9278433228592649
5.888888888888889 0.9276470128488641
5.916666666666667 0.9274507321367192
5.944444444444445 0.9272544825241673
5.972222222222222 0.9270582657786766
6.0 0.9268620836342971
6.027777777777778 0.9266659377921052
6.055555555555555 0.9264698299206551
6.083333333333333 0.9262737616564256
6.111111111111111 0.9260777346042728
6.138888888888889 0.9258817503378792
6.166666666666667 0.9256858104002016
6.194444444444445 0.9254899163039212
6.222222222222222 0.9252940695318901
6.25 0.9250982715375775
6.277777777777778 0.9249025237455158
6.305555555555555 0.9247068275517404
6.333333333333333 0.9245111843242312
6.361111111111111 0.9243155954033501
6.388888888888889 0.9241200621022755
6.416666666666667 0.9239245857074364
6.444444444444445 0.9237291674789404
6.472222222222222 0.9235338086509983
6.5 0.92333851043235
6.527777777777778 0.9231432740066797
6.555555555555555 0.9229481005330353
6.583333333333333 0.9227529911462349
6.611111111111111 0.9225579469572801
6.638888888888889 0.9223629690537554
6.666666666666667 0.9221680585002301
6.694444444444445 0.9219732163386511
6.722222222222222 0.9217784435887357
6.75 0.9215837412483582
6.777777777777778 0.92138911029393
6.805555555555555 0.9211945516807792
6.833333333333333 0.9210000663435228
6.861111111111111 0.9208056551964348
6.888888888888889 0.9206113191338098
6.916666666666667 0.9204170590303222
6.944444444444445 0.9202228757413822
6.972222222222222 0.9200287701034814
7.0 0.9198347429345418
7.027777777777778 0.9196407950342533
7.055555555555555 0.9194469271844099
7.083333333333333 0.9192531401492413
7.111111111111111 0.9190594346757364
7.138888888888889 0.9188658114939656
7.166666666666667 0.9186722713173981
7.194444444444445 0.918478814843212
7.222222222222222 0.9182854427526017
7.25 0.9180921557110794
7.277777777777778 0.9178989543687743
7.305555555555555 0.9177058393607236
7.333333333333333 0.9175128113071618
7.361111111111111 0.9173198708138043
7.388888888888889 0.917127018472126
7.416666666666667 0.9169342548596363
7.444444444444445 0.9167415805401492
7.472222222222222 0.9165489960640487
7.5 0.9163565019685497
7.527777777777778 0.9161640987779555
7.555555555555555 0.91597178700391
7.583333333333333 0.9157795671456469
7.611111111111111 0.9155874396902319
7.638888888888889 0.9153954051128035
7.666666666666667 0.9152034638768085
7.694444444444445 0.9150116164342347
7.722222222222222 0.9148198632258361
7.75 0.914628204681359
7.777777777777778 0.9144366412197588
7.805555555555555 0.9142451732494175
7.833333333333333 0.9140538011683561
7.861111111111111 0.9138625253644403
7.888888888888889 0.9136713462155861
7.916666666666667 0.9134802640899611
7.944444444444445 0.9132892793461791
7.972222222222222 0.9130983923334955
8.0 0.9129076033919952
8.027777777777779 0.9127169128527808
8.055555555555555 0.9125263210381545
8.083333333333334 0.912335828261795
8.11111111111111 0.9121454348289378
8.13888888888889 0.9119551410365462
8.166666666666666 0.9117649471734781
8.194444444444445 0.911574853520656
8.222222222222221 0.9113848603512282
8.25 0.9111949679307294
8.277777777777779 0.9110051765172369
8.305555555555555 0.9108154863615252
8.333333333333334 0.9106258977072167
8.36111111111111 0.9104364107909297
8.38888888888889 0.9102470258424239
8.416666666666666 0.9100577430847436
8.444444444444445 0.909868562734355
8.472222222222221 0.9096794850012857
8.5 0.9094905100892571
8.527777777777779 0.9093016381958172
8.555555555555555 0.909112869512469
8.583333333333334 0.9089242042247974
8.61111111111111 0.9087356425125931
8.63888888888889 0.9085471845499741
8.666666666666666 0.9083588305055056
8.694444444444445 0.9081705805423144
8.722222222222221 0.9079824348182067
8.75 0.9077943934857794
8.777777777777779 0.9076064566925279
8.805555555555555 0.9074186245809567
8.833333333333334 0.9072308972886829
8.86111111111111 0.9070432749485411
8.88888888888889 0.9068557576886837
8.916666666666666 0.9066683456326828
8.944444444444445 0.9064810388996238
8.972222222222221 0.9062938376042042
9.0 0.9061067418568246
9.027777777777779 0.9059197517636819
9.055555555555555 0.9057328674268592
9.083333333333334 0.9055460889444117
9.11111111111111 0.9053594164104556
9.13888888888889 0.9051728499152502
9.166666666666666 0.9049863895452812
9.194444444444445 0.9048000353833437
9.222222222222221 0.9046137875086181
9.25 0.9044276459967502
9.277777777777779 0.9042416109199272
9.305555555555555 0.90405568234695
9.333333333333334 0.9038698603433089
9.36111111111111 0.903684144971254
9.38888888888889 0.903498536289866
9.416666666666666 0.9033130343551227
9.444444444444445 0.9031276392199682
9.472222222222221 0.9029423509343786
9.5 0.9027571695454247
9.527777777777779 0.9025720950973377
9.555555555555555 0.9023871276315689
9.583333333333334 0.9022022671868506
9.61111111111111 0.902017513799257
9.63888888888889 0.9018328675022589
9.666666666666666 0.9016483283267838
9.694444444444445 0.9014638963012693
9.722222222222221 0.9012795714517202
9.75 0.9010953538017583
9.777777777777779 0.9009112433726771
9.805555555555555 0.9007272401834928
9.833333333333334 0.9005433442509928
9.86111111111111 0.9003595555897869
9.88888888888889 0.9001758742123533
9.916666666666666 0.8999923001290863
9.944444444444445 0.8998088333483442
9.972222222222221 0.8996254738764895
10.0 0.899442221717939
10.027777777777779 0.8992590768752021
10.055555555555555 0.8990760393489252
10.083333333333334 0.8988931091379331
10.11111111111111 0.8987102862392701
10.13888888888889 0.8985275706482373
10.166666666666666 0.8983449623584336
10.194444444444445 0.8981624613617926
10.222222222222221 0.89798006764862
10.25 0.8977977812076314
10.277777777777779 0.8976156020259843
10.305555555555555 0.897433530089317
10.333333333333334 0.897251565381781
10.36111111111111 0.8970697078860742
10.38888888888889 0.8968879575834731
10.416666666666666 0.8967063144538665
10.444444444444445 0.8965247784757857
10.472222222222221 0.8963433496264342
10.5 0.8961620278817215
10.527777777777779 0.8959808132162875
10.555555555555555 0.8957997056035347
10.583333333333334 0.895618705015655
10.61111111111111 0.8954378114236577
10.63888888888889 0.8952570247973958
10.666666666666666 0.8950763451055925
10.694444444444445 0.8948957723158699
10.722222222222221 0.8947153063947682
10.75 0.894534947307776
10.777777777777779 0.8943546950193527
10.805555555555555 0.8941745494929509
10.833333333333334 0.8939945106910419
10.86111111111111 0.8938145785751359
10.88888888888889 0.8936347531058064
10.916666666666666 0.8934550342427108
10.944444444444445 0.8932754219446114
10.972222222222221 0.8930959161693977
11.0 0.8929165168741043
11.027777777777779 0.8927372240149338
11.055555555555555 0.8925580375472733
11.083333333333334 0.892378957425716
11.11111111111111 0.8921999836040794
11.13888888888889 0.8920211160354208
11.166666666666666 0.8918423546720596
11.194444444444445 0.8916636994655921
11.222222222222221 0.8914851503669083
11.25 0.8913067073262105
11.277777777777779 0.891128370293028
11.305555555555555 0.8909501392162344
11.333333333333334 0.8907720140440625
11.36111111111111 0.8905939947241194
11.38888888888889 0.890416081203403
11.416666666666666 0.8902382734283151
11.444444444444445 0.8900605713446766
11.472222222222221 0.8898829748977418
11.5 0.8897054840322113
11.527777777777779 0.8895280986922459
11.555555555555555 0.8893508188214807
11.583333333333334 0.8891736443630366
11.61111111111111 0.8889965752595339
11.63888888888889 0.8888196114531034
11.666666666666666 0.8886427528854007
11.694444444444445 0.888465999497616
11.722222222222221 0.8882893512304861
11.75 0.8881128080243071
11.777777777777779 0.8879363698189431
11.805555555555555 0.8877600365538396
11.833333333333334 0.8875838081680323
11.86111111111111 0.8874076846001574
11.88888888888889 0.8872316657884641
11.916666666666666 0.8870557516708213
11.944444444444445 0.8868799421847292
11.972222222222221 0.8867042372673289
12.0 0.8865286368554115
12.027777777777779 0.8863531408854256
12.055555555555555 0.8861777492934892
12.083333333333334 0.886002462015396
12.11111111111111 0.8858272789866252
12.13888888888889 0.8856522001423486
12.166666666666666 0.8854772254174403
12.194444444444445 0.8853023547464841
12.222222222222221 0.8851275880637793
12.25 0.884952925303352
12.277777777777779 0.8847783663989612
12.305555555555555 0.8846039112841035
12.333333333333334 0.8844295598920244
12.36111111111111 0.884255312155722
12.38888888888889 0.8840811680079564
12.416666666666666 0.8839071273812539
12.444444444444445 0.8837331902079155
12.472222222222221 0.8835593564200223
12.5 0.8833856259494426
12.527777777777779 0.8832119987278365
12.555555555555555 0.8830384746866642
12.583333333333334 0.8828650537571893
12.61111111111111 0.8826917358704875
12.63888888888889 0.882518520957449
12.666666666666666 0.8823454089487857
12.694444444444445 0.8821723997750377
12.722222222222221 0.8819994933665758
12.75 0.8818266896536088
12.777777777777779 0.8816539885661875
12.805555555555555 0.8814813900342103
12.833333333333334 0.8813088939874275
12.86111111111111 0.8811365003554467
12.88888888888889 0.8809642090677353
12.916666666666666 0.8807920200536289
12.944444444444445 0.8806199332423317
12.972222222222221 0.8804479485629234
13.0 0.8802760659443619
13.027777777777779 0.8801042853154886
13.055555555555555 0.8799326066050311
13.083333333333334 0.8797610297416085
13.11111111111111 0.8795895546537351
13.13888888888889 0.8794181812698229
13.166666666666666 0.8792469095181862
13.194444444444445 0.8790757393270464
13.222222222222221 0.8789046706245324
13.25 0.8787337033386875
13.277777777777779 0.8785628373974709
13.305555555555555 0.8783920727287601
13.333333333333334 0.878221409260357
13.36111111111111 0.8780508469199888
13.38888888888889 0.8778803856353113
13.416666666666666 0.8777100253339127
13.444444444444445 0.8775397659433161
13.472222222222221 0.8773696073909821
13.5 0.8771995496043133
13.527777777777779 0.8770295925106544
13.555555555555555 0.8768597360372965
13.583333333333334 0.8766899801114802
13.61111111111111 0.8765203246603968
13.63888888888889 0.8763507696111914
13.666666666666666 0.8761813148909664
13.694444444444445 0.8760119604267819
13.722222222222221 0.8758427061456602
13.75 0.8756735519745861
13.777777777777779 0.875504497840511
13.805555555555555 0.875335543670354
13.833333333333334 0.8751666893910037
13.86111111111111 0.874997934929322
13.88888888888889 0.8748292802121442
13.916666666666666 0.8746607251662821
13.944444444444445 0.8744922697185263
13.972222222222221 0.8743239137956471
14.0 0.874155657324397
14.027777777777779 0.8739875002315123
14.055555555555555 0.8738194424437158
14.083333333333334 0.8736514838877173
14.11111111111111 0.8734836244902153
14.13888888888889 0.8733158641779005
14.166666666666666 0.8731482028774546
14.194444444444445 0.8729806405155549
14.222222222222221 0.8728131770188741
14.25 0.8726458123140816
14.277777777777779 0.8724785463278466
14.305555555555555 0.8723113789868377
14.333333333333334 0.8721443102177261
14.36111111111111 0.8719773399471855
14.38888888888889 0.8718104681018939
14.416666666666666 0.8716436946085357
14.444444444444445 0.8714770193938023
14.472222222222221 0.8713104423843938
14.5 0.8711439635070196
14.527777777777779 0.8709775826884002
14.555555555555555 0.8708112998552684
14.583333333333334 0.8706451149343701
14.61111111111111 0.8704790278524654
14.63888888888889 0.8703130385363308
14.666666666666666 0.8701471469127583
14.694444444444445 0.8699813529085592
14.722222222222221 0.8698156564505624
14.75 0.8696500574656163
14.777777777777779 0.8694845558805916
14.805555555555555 0.8693191516223787
14.833333333333334 0.8691538446178925
14.86111111111111 0.868988634794071
14.88888888888889 0.8688235220778769
14.916666666666666 0.8686585063962974
14.944444444444445 0.8684935876763475
14.972222222222221 0.8683287658450687
15.0 0.8681640408295295
15.027777777777779 0.8679994125568292
15.055555555555555 0.8678348809540948
15.083333333333334 0.8676704459484853
15.11111111111111 0.867506107467189
15.13888888888889 0.8673418654374274
15.166666666666666 0.8671777197864549
15.194444444444445 0.8670136704415579
15.222222222222221 0.8668497173300571
15.25 0.8666858603793086
15.277777777777779 0.8665220995167034
15.305555555555555 0.866358434669668
15.333333333333334 0.8661948657656664
15.36111111111111 0.8660313927321982
15.38888888888889 0.8658680154968026
15.416666666666666 0.8657047339870553
15.444444444444445 0.865541548130572
15.472222222222221 0.8653784578550082
15.5 0.8652154630880584
15.527777777777779 0.865052563757458
15.555555555555555 0.8648897597909837
15.583333333333334 0.8647270511164536
15.61111111111111 0.8645644376617275
15.63888888888889 0.8644019193547082
15.666666666666666 0.8642394961233407
15.694444444444445 0.8640771678956145
15.722222222222221 0.8639149345995619
15.75 0.8637527961632605
15.777777777777779 0.8635907525148322
15.805555555555555 0.8634288035824439
15.833333333333334 0.8632669492943076
15.86111111111111 0.8631051895786815
15.88888888888889 0.8629435243638713
15.916666666666666 0.8627819535782281
15.944444444444445 0.86262047715015
15.972222222222221 0.8624590950080834
16.0 0.8622978070805216
16.02777777777778 0.8621366132960064
16.055555555555557 0.861975513583128
16.083333333333332 0.8618145078705253
16.11111111111111 0.8616535960868855
16.13888888888889 0.8614927781609464
16.166666666666668 0.861332054021495
16.194444444444443 0.8611714235973682
16.22222222222222 0.8610108868174525
16.25 0.860850443610686
16.27777777777778 0.8606900939060569
16.305555555555557 0.8605298376326038
16.333333333333332 0.8603696747194178
16.36111111111111 0.8602096050956409
16.38888888888889 0.8600496286904672
16.416666666666668 0.8598897454331422
16.444444444444443 0.8597299552529638
16.47222222222222 0.8595702580792828
16.5 0.8594106538415016
16.52777777777778 0.8592511424690766
16.555555555555557 0.8590917238915177
16.583333333333332 0.8589323980383855
16.61111111111111 0.8587731648392969
16.63888888888889 0.8586140242239206
16.666666666666668 0.8584549761219801
16.694444444444443 0.8582960204632525
16.72222222222222 0.8581371571775692
16.75 0.8579783861948157
16.77777777777778 0.8578197074449321
16.805555555555557 0.8576611208579132
16.833333333333332 0.8575026263638091
16.86111111111111 0.8573442238927238
16.88888888888889 0.857185913374817
16.916666666666668 0.8570276947403036
16.944444444444443 0.8568695679194538
16.97222222222222 0.8567115328425935
17.0 0.8565535894401032
17.02777777777778 0.8563957376424207
17.055555555555557 0.856237977380039
17.083333333333332 0.856080308583507
17.11111111111111 0.8559227311834295
17.13888888888889 0.8557652451104681
17.166666666666668 0.85560785029534
17.194444444444443 0.8554505466688195
17.22222222222222 0.8552933341617365
17.25 0.8551362127049784
17.27777777777778 0.8549791822294887
17.305555555555557 0.8548222426662676
17.333333333333332 0.8546653939463728
17.36111111111111 0.8545086360009182
17.38888888888889 0.8543519687610756
17.416666666666668 0.8541953921580727
17.444444444444443 0.8540389061231953
17.47222222222222 0.8538825105877865
17.5 0.8537262054832461
17.52777777777778 0.8535699907410312
17.555555555555557 0.853413866292657
17.583333333333332 0.8532578320696956
17.61111111111111 0.8531018880037771
17.63888888888889 0.8529460340265885
17.666666666666668 0.8527902700698757
17.694444444444443 0.8526345960654409
17.72222222222222 0.852479011945145
17.75 0.8523235176409061
17.77777777777778 0.8521681130847005
17.805555555555557 0.8520127982085626
17.833333333333332 0.8518575729445839
17.86111111111111 0.8517024372249145
17.88888888888889 0.8515473909817627
17.916666666666668 0.8513924341473941
17.944444444444443 0.8512375666541323
17.97222222222222 0.8510827884343597
18.0 0.8509280994205167
18.02777777777778 0.8507734995451015
18.055555555555557 0.8506189887406707
18.083333333333332 0.8504645669398389
18.11111111111111 0.8503102340752787
18.13888888888889 0.8501559900797211
18.166666666666668 0.8500018348859559
18.194444444444443 0.8498477684268305
18.22222222222222 0.8496937906352509
18.25 0.8495399014441807
18.27777777777778 0.8493861007866425
18.305555555555557 0.8492323885957169
18.333333333333332 0.8490787648045435
18.36111111111111 0.848925229346319
18.38888888888889 0.8487717821542993
18.416666666666668 0.8486184231617977
18.444444444444443 0.8484651523021877
18.47222222222222 0.8483119695088993
18.5 0.8481588747154213
18.52777777777778 0.848005867855301
18.555555555555557 0.847852948862144
18.583333333333332 0.8477001176696148
18.61111111111111 0.847547374211435
18.63888888888889 0.8473947184213853
18.666666666666668 0.8472421502333043
18.694444444444443 0.8470896695810899
18.72222222222222 0.8469372763986971
18.75 0.8467849706201401
18.77777777777778 0.8466327521794903
18.805555555555557 0.8464806210108783
18.833333333333332 0.8463285770484927
18.86111111111111 0.8461766202265798
18.88888888888889 0.8460247504794453
18.916666666666668 0.8458729677414518
18.944444444444443 0.8457212719470215
18.97222222222222 0.8455696630306335
19.0 0.8454181409268259
19.02777777777778 0.8452667055701943
19.055555555555557 0.8451153568953926
19.083333333333332 0.8449640948371333
19.11111111111111 0.8448129193301864
19.13888888888889 0.8446618303093804
19.166666666666668 0.8445108277096014
19.194444444444443 0.8443599114657939
19.22222222222222 0.8442090815129601
19.25 0.84405833778616
19.27777777777778 0.8439076802205128
19.305555555555557 0.8437571087511938
19.333333333333332 0.843606623313437
19.36111111111111 0.8434562238425352
19.38888888888889 0.8433059102738373
19.416666666666668 0.843155682542752
19.444444444444443 0.8430055405847438
19.47222222222222 0.8428554843353362
19.5 0.8427055137301102
19.52777777777778 0.8425556287047041
19.555555555555557 0.8424058291948145
19.583333333333332 0.8422561151361948
19.61111111111111 0.842106486464657
19.63888888888889 0.8419569431160703
19.666666666666668 0.8418074850263608
19.694444444444443 0.8416581121315134
19.72222222222222 0.8415088243675695
19.75 0.8413596216706277
19.77777777777778 0.8412105039768448
19.805555555555557 0.8410614712224342
19.833333333333332 0.8409125233436686
19.86111111111111 0.8407636602768754
19.88888888888889 0.8406148819584406
19.916666666666668 0.8404661883248074
19.944444444444443 0.8403175793124759
19.97222222222222 0.8401690548580036
20.0 0.8400206148980053
20.02777777777778 0.8398722593691526
20.055555555555557 0.8397239882081733
20.083333333333332 0.8395758013518544
20.11111111111111 0.8394276987370379
20.13888888888889 0.8392796803006237
20.166666666666668 0.8391317459795685
20.194444444444443 0.8389838957108857
20.22222222222222 0.8388361294316453
20.25 0.838688447078974
20.27777777777778 0.8385408485900563
20.305555555555557 0.838393333902132
20.333333333333332 0.8382459029524988
20.36111111111111 0.8380985556785099
20.38888888888889 0.8379512920175763
20.416666666666668 0.8378041119071643
20.444444444444443 0.8376570152847979
20.47222222222222 0.837510002088056
20.5 0.837363072254576
20.52777777777778 0.8372162257220495
20.555555555555557 0.837069462428226
20.583333333333332 0.8369227823109102
20.61111111111111 0.8367761853079644
20.63888888888889 0.8366296713573058
20.666666666666668 0.8364832403969084
20.694444444444443 0.8363368923648015
20.72222222222222 0.8361906271990723
20.75 0.8360444448378621
20.77777777777778 0.8358983452193693
20.805555555555557 0.835752328281848
20.833333333333332 0.835606393963608
20.86111111111111 0.8354605422030148
20.88888888888889 0.83531477293849
20.916666666666668 0.835169086108511
20.944444444444443 0.8350234816516111
20.97222222222222 0.8348779595063789
21.0 0.8347325196114581
21.02777777777778 0.8345871619055497
21.055555555555557 0.8344418863274083
21.083333333333332 0.8342966928158456
21.11111111111111 0.8341515813097274
21.13888888888889 0.8340065517479757
21.166666666666668 0.8338616040695677
21.194444444444443 0.8337167382135355
21.22222222222222 0.8335719541189675
21.25 0.833427251725006
21.27777777777778 0.8332826309708495
21.305555555555557 0.8331380917957517
21.333333333333332 0.8329936341390197
21.36111111111111 0.8328492579400184
21.38888888888889 0.8327049631381648
21.416666666666668 0.8325607496729329
21.444444444444443 0.8324166174838507
21.47222222222222 0.8322725665105017
21.5 0.8321285966925227
21.52777777777778 0.8319847079696068
21.555555555555557 0.8318409002815019
21.583333333333332 0.8316971735680088
21.61111111111111 0.831553527768985
21.63888888888889 0.8314099628243412
21.666666666666668 0.8312664786740431
21.694444444444443 0.8311230752581105
21.72222222222222 0.8309797525166186
21.75 0.8308365103896953
21.77777777777778 0.8306933488175244
21.805555555555557 0.8305502677403436
21.833333333333332 0.8304072670984439
21.86111111111111 0.8302643468321718
21.88888888888889 0.8301215068819267
21.916666666666668 0.8299787471881632
21.944444444444443 0.8298360676913894
21.97222222222222 0.8296934683321671
22.0 0.8295509490511129
22.02777777777778 0.8294085097888966
22.055555555555557 0.8292661504862412
22.083333333333332 0.8291238710839255
22.11111111111111 0.8289816715227799
22.13888888888889 0.8288395517436897
22.166666666666668 0.8286975116875936
22.194444444444443 0.8285555512954846
22.22222222222222 0.8284136705084078
22.25 0.8282718692674625
22.27777777777778 0.8281301475138022
22.305555555555557 0.8279885051886328
22.333333333333332 0.8278469422332135
22.36111111111111 0.8277054585888576
22.38888888888889 0.8275640541969309
22.416666666666668 0.8274227289988528
22.444444444444443 0.8272814829360966
22.47222222222222 0.8271403159501873
22.5 0.826999227982704
22.52777777777778 0.8268582189752776
22.555555555555557 0.8267172888695937
22.583333333333332 0.8265764376073891
22.61111111111111 0.8264356651304554
22.63888888888889 0.8262949713806357
22.666666666666668 0.8261543562998256
22.694444444444443 0.8260138198299739
22.72222222222222 0.8258733619130822
22.75 0.8257329824912053
22.77777777777778 0.8255926815064494
22.805555555555557 0.8254524589009736
22.833333333333332 0.8253123146169904
22.86111111111111 0.8251722485967631
22.88888888888889 0.8250322607826089
22.916666666666668 0.8248923511168968
22.944444444444443 0.8247525195420476
22.97222222222222 0.8246127660005348
23.0 0.824473090434884
23.02777777777778 0.8243334927876734
23.055555555555557 0.8241939730015326
23.083333333333332 0.8240545310191436
23.11111111111111 0.8239151667832406
23.13888888888889 0.8237758802366091
23.166666666666668 0.8236366713220868
23.194444444444443 0.8234975399825641
23.22222222222222 0.8233584861609813
23.25 0.8232195098003325
23.27777777777778 0.823080610843662
23.305555555555557 0.8229417892340665
23.333333333333332 0.8228030449146945
23.36111111111111 0.8226643778287455
23.38888888888889 0.8225257879194706
23.416666666666668 0.8223872751301733
23.444444444444443 0.8222488394042063
23.47222222222222 0.8221104806849765
23.5 0.8219721989159398
23.52777777777778 0.8218339940406046
23.555555555555557 0.8216958660025299
23.583333333333332 0.8215578147453266
23.61111111111111 0.8214198402126557
23.63888888888889 0.8212819423482304
23.666666666666668 0.8211441210958143
23.694444444444443 0.821006376399222
23.72222222222222 0.8208687082023186
23.75 0.8207311164490214
23.77777777777778 0.8205936010832977
23.805555555555557 0.8204561620491643
23.833333333333332 0.8203187992906915
23.86111111111111 0.8201815127519977
23.88888888888889 0.820044302377254
23.916666666666668 0.8199071681106811
23.944444444444443 0.8197701098965493
23.97222222222222 0.819633127679181
