0.0 1.0
0.1111111111111111 0.9830695886207843
0.2222222222222222 0.9750033031279519
0.3333333333333333 0.9703703147635113
0.4444444444444444 0.9674165123923806
0.5555555555555556 0.9653788810428848
0.6666666666666666 0.9638685307093814
0.7777777777777778 0.9626720784963229
0.8888888888888888 0.9616675935963508
1.0 0.9607832942130289
1.1111111111111112 0.9599757733759229
1.2222222222222223 0.9592180843759495
1.3333333333333333 0.9584930529254453
1.4444444444444444 0.9577894412960755
1.5555555555555556 0.9570997030321485
1.6666666666666667 0.9564186421799603
1.7777777777777777 0.9557425965981996
1.8888888888888888 0.9550689305768056
2.0 0.9543957133712728
2.111111111111111 0.9537215115048683
2.2222222222222223 0.9530452519036375
2.3333333333333335 0.952366129859787
2.4444444444444446 0.951683545799288
2.5555555555555554 0.950997060815725
2.6666666666666665 0.9503063645867551
2.7777777777777777 0.9496112515599768
2.888888888888889 0.9489116027298352
3.0 0.9482073712483634
3.111111111111111 0.9474985707120922
3.2222222222222223 0.9467852653618056
3.3333333333333335 0.9460675616929062
3.4444444444444446 0.9453456011472636
3.5555555555555554 0.9446195536716616
3.6666666666666665 0.9438896120024568
3.7777777777777777 0.9431559865836346
3.888888888888889 0.9424189010548427
4.0 0.9416785882632824
4.111111111111111 0.9409352867627211
4.222222222222222 0.9401892377674052
4.333333333333333 0.9394406825302196
4.444444444444445 0.9386898601145747
4.555555555555555 0.9379370055290148
4.666666666666667 0.9371823481930464
4.777777777777778 0.9364261107024991
4.888888888888889 0.935668507862992
5.0 0.9349097459608178
5.111111111111111 0.9341500222417856
5.222222222222222 0.9333895245701181
5.333333333333333 0.9326284312414198
5.444444444444445 0.9318669109257723
5.555555555555555 0.9311051227192289
5.666666666666667 0.93034321628418
5.777777777777778 0.9295813320612643
5.888888888888889 0.9288196015375892
6.0 0.9280581475580261
6.111111111111111 0.9272970846681869
6.222222222222222 0.9265365194793769
6.333333333333333 0.9257765510473441
6.444444444444445 0.9250172712580197
6.555555555555555 0.9242587652146322
6.666666666666667 0.9235011116216578
6.777777777777778 0.9227443831619533
6.888888888888889 0.921988646864246
7.0 0.9212339644587895
7.111111111111111 0.9204803927195899
7.222222222222222 0.91972798379207
7.333333333333333 0.9189767855054372
7.444444444444445 0.9182268416693533
7.555555555555555 0.9174781923547584
7.666666666666667 0.9167308741589255
7.777777777777778 0.9159849204549819
7.888888888888889 0.915240361626272
8.0 0.9144972252860301
8.11111111111111 0.9137555364829062
8.222222222222221 0.9130153178929452
8.333333333333334 0.9122765899986442
8.444444444444445 0.9115393712557354
8.555555555555555 0.9108036782483561
8.666666666666666 0.9100695258332513
8.777777777777779 0.9093369272736577
8.88888888888889 0.9086058943634971
9.0 0.9078764375424837
9.11111111111111 0.9071485660027387
9.222222222222221 0.9064222877874673
9.333333333333334 0.9056976098822369
9.444444444444445 0.9049745382993647
9.555555555555555 0.9042530781558928
9.666666666666666 0.9035332337456092
9.777777777777779 0.9028150086055362
9.88888888888889 0.9020984055772908
10.0 0.9013834268636943
10.11111111111111 0.9006700740809759
10.222222222222221 0.8999583483069021
10.333333333333334 0.8992482501251428
10.444444444444445 0.898539779666145
10.555555555555555 0.8978329366447961
10.666666666666666 0.8971277203951077
10.777777777777779 0.8964241299021555
10.88888888888889 0.8957221638314891
11.0 0.895021820556201
11.11111111111111 0.8943230981818429
11.222222222222221 0.8936259945693517
11.333333333333334 0.892930507356148
11.444444444444445 0.892236633975542
11.555555555555555 0.8915443716745854
11.666666666666666 0.8908537175304949
11.777777777777779 0.8901646684657489
11.88888888888889 0.8894772212619748
12.0 0.8887913725727166
12.11111111111111 0.8881071189351708
12.222222222222221 0.8874244567809769
12.333333333333334 0.8867433824461355
12.444444444444445 0.886063892180122
12.555555555555555 0.8853859821542641
12.666666666666666 0.8847096484694391
12.777777777777779 0.8840348871631458
12.88888888888889 0.8833616942160019
13.0 0.8826900655577139
13.11111111111111 0.882019997072559
13.222222222222221 0.8813514846044198
13.333333333333334 0.8806845239614104
13.444444444444445 0.8800191109201211
13.555555555555555 0.8793552412295174
13.666666666666666 0.8786929106145186
13.777777777777779 0.8780321147792839
13.88888888888889 0.8773728494102253
14.0 0.8767151101787759
14.11111111111111 0.8760588927439267
14.222222222222221 0.8754041927545549
14.333333333333334 0.8747510058515606
14.444444444444445 0.8740993276698233
14.555555555555555 0.8734491538399966
14.666666666666666 0.8728004799901549
14.777777777777779 0.8721533017472981
14.88888888888889 0.8715076147387355
15.0 0.8708634145933478
15.11111111111111 0.8702206969427464
15.222222222222221 0.8695794574223301
15.333333333333334 0.8689396916722573
15.444444444444445 0.8683013953383293
15.555555555555555 0.8676645640728011
15.666666666666666 0.8670291935351208
15.777777777777779 0.8663952793926046
15.88888888888889 0.8657628173210532
16.0 0.8651318030053123
16.11111111111111 0.864502232139785
16.22222222222222 0.8638741004288977
16.333333333333332 0.8632474035875215
16.444444444444443 0.8626221373413596
16.555555555555557 0.8619982974272945
16.666666666666668 0.8613758795937042
16.77777777777778 0.8607548796007491
16.88888888888889 0.8601352932206298
17.0 0.8595171162378203
17.11111111111111 0.8589003444492781
17.22222222222222 0.8582849736646323
17.333333333333332 0.8576709997063514
17.444444444444443 0.8570584184098957
17.555555555555557 0.8564472256238488
17.666666666666668 0.8558374172100381
17.77777777777778 0.8552289890436388
17.88888888888889 0.8546219370132652
18.0 0.8540162570210509
18.11111111111111 0.8534119449827182
18.22222222222222 0.852808996827636
18.333333333333332 0.8522074084988716
18.444444444444443 0.8516071759532305
18.555555555555557 0.8510082951612907
18.666666666666668 0.8504107621074303
18.77777777777778 0.8498145727898457
18.88888888888889 0.849219723220568
19.0 0.8486262094254714
19.11111111111111 0.8480340274442745
19.22222222222222 0.8474431733305438
19.333333333333332 0.8468536431516847
19.444444444444443 0.8462654329889344
19.555555555555557 0.8456785389373507
19.666666666666668 0.8450929571057926
19.77777777777778 0.8445086836169055
19.88888888888889 0.8439257146070982
20.0 0.8433440462265188
20.11111111111111 0.8427636746390292
20.22222222222222 0.8421845960221758
20.333333333333332 0.8416068065671614
20.444444444444443 0.8410303024788113
20.555555555555557 0.8404550799755417
20.666666666666668 0.8398811352893227
20.77777777777778 0.8393084646656451
20.88888888888889 0.83873706436348
21.0 0.8381669306552421
21.11111111111111 0.8375980598267498
21.22222222222222 0.8370304481771859
21.333333333333332 0.836464092019054
21.444444444444443 0.83589898767814
21.555555555555557 0.8353351314934669
21.666666666666668 0.8347725198172531
21.77777777777778 0.8342111490148674
21.88888888888889 0.8336510154647877
22.0 0.8330921155585524
22.11111111111111 0.8325344457007199
22.22222222222222 0.8319780023088205
22.333333333333332 0.8314227818133099
22.444444444444443 0.8308687806575277
22.555555555555557 0.8303159952976474
22.666666666666668 0.8297644222026324
22.77777777777778 0.8292140578541879
22.88888888888889 0.8286648987467153
23.0 0.8281169413872669
23.11111111111111 0.827570182295497
23.22222222222222 0.8270246180036163
23.333333333333332 0.8264802450563443
23.444444444444443 0.825937060010864
23.555555555555557 0.8253950594367735
23.666666666666668 0.8248542399160386
23.77777777777778 0.8243145980429492
23.88888888888889 0.823776130424068
24.0 0.8232388336781873
