0.0 1.0
0.027777777777777776 0.9622118227135262
0.05555555555555555 0.9417947380997135
0.08333333333333333 0.9256685813192074
0.1111111111111111 0.9116677319734352
0.1388888888888889 0.8990022171573079
0.16666666666666666 0.8872813565195922
0.19444444444444445 0.8762789787080392
0.2222222222222222 0.8658508233418712
0.25 0.8558985300187396
0.2777777777777778 0.8463516105466764
0.3055555555555556 0.8371575258011245
0.3333333333333333 0.8282758380449979
0.3611111111111111 0.8196745827034041
0.3888888888888889 0.8113279228541614
0.4166666666666667 0.803214579763477
0.4444444444444444 0.7953167505056731
0.4722222222222222 0.7876193409112623
0.5 0.7801094082895306
0.5277777777777778 0.7727757472089103
0.5555555555555556 0.765608575112779
0.5833333333333334 0.7585992891334794
0.6111111111111112 0.7517402747296507
0.6388888888888888 0.7450247527765346
0.6666666666666666 0.7384466557072245
0.6944444444444444 0.7320005259735035
0.7222222222222222 0.7256814319236942
0.75 0.7194848974681278
0.7777777777777778 0.7134068428032184
0.8055555555555556 0.7074435341116047
0.8333333333333334 0.7015915406266598
0.8611111111111112 0.6958476977974157
0.8888888888888888 0.6902090755501653
0.9166666666666666 0.684672950840305
0.9444444444444444 0.6792367838394179
0.9722222222222222 0.6738981972202526
1.0 0.66865495809478
1.0277777777777777 0.6635049622340211
1.0555555555555556 0.6584462202574564
1.0833333333333333 0.6534768455278118
1.1111111111111112 0.6485950435263343
1.1388888888888888 0.6437991025162022
1.1666666666666667 0.639087385328818
1.1944444444444444 0.6344583221305008
1.2222222222222223 0.6299104040463407
1.25 0.6254421775343317
1.2777777777777777 0.6210522394168715
1.3055555555555556 0.6167392324887329
1.3333333333333333 0.612501841630915
1.3611111111111112 0.6083387903687513
1.3888888888888888 0.6042488378203562
1.4166666666666667 0.6002307759882469
1.4444444444444444 0.5962834273528179
1.4722222222222223 0.5924056427314452
1.5 0.5885962993714722
1.5277777777777777 0.5848542992492075
1.5555555555555556 0.5811785675504791
1.5833333333333333 0.577568051311285
1.6111111111111112 0.5740217181996764
1.6388888888888888 0.5705385554223177
1.6666666666666667 0.5671175687411794
1.6944444444444444 0.5637577815875678
1.7222222222222223 0.5604582342622646
1.75 0.5572179832118941
1.7777777777777777 0.5540361003728369
1.8055555555555556 0.5509116725750484
1.8333333333333333 0.5478438009990699
1.8611111111111112 0.5448316006803183
1.8888888888888888 0.5418742000554573
1.9166666666666667 0.5389707405462673
1.9444444444444444 0.5361203761769847
1.9722222222222223 0.5333222732215579
2.0 0.530575609877685
2.0277777777777777 0.527879575964878
2.0555555555555554 0.525233372644105
2.0833333333333335 0.522636212156869
2.111111111111111 0.5200873175818083
2.138888888888889 0.5175859226071422
2.1666666666666665 0.515131271317463
2.1944444444444446 0.5127226179935477
2.2222222222222223 0.5103592269240227
2.25 0.5080403722278172
2.2777777777777777 0.5057653376864899
2.3055555555555554 0.5035334165855718
2.3333333333333335 0.5013439115641997
2.361111111111111 0.4991961344723455
2.388888888888889 0.49708940623506076
2.4166666666666665 0.4950230567231699
2.4444444444444446 0.4929964246299312
2.4722222222222223 0.4910088573532059
2.5 0.48905971088273975
2.5277777777777777 0.48714834969216914
2.5555555555555554 0.48527414663541885
2.5833333333333335 0.4834364828471701
2.611111111111111 0.48163474764710934
2.638888888888889 0.47986833844768967
2.6666666666666665 0.47813666066515204
2.6944444444444446 0.47643912763356827
2.7222222222222223 0.4747751605217002
2.75 0.473144188252452
2.7777777777777777 0.47154564742474425
2.8055555555555554 0.4699789822376089
2.8333333333333335 0.4684436444163513
2.861111111111111 0.46693909314060816
2.888888888888889 0.4654647949741538
2.9166666666666665 0.46402022379631175
2.9444444444444446 0.4626048607348345
2.9722222222222223 0.4612181941001193
3.0 0.4598597193206497
3.0277777777777777 0.45852893887953317
3.0555555555555554 0.4572253622520378
3.0833333333333335 0.4559485058440185
3.111111111111111 0.45469789293113877
3.138888888888889 0.45347305359879764
3.1666666666666665 0.4522735246826738
3.1944444444444446 0.4510988497098067
3.2222222222222223 0.44994857884013995
3.25 0.4488222688084584
3.2777777777777777 0.4477194828666493
3.3055555555555554 0.44663979072622995
3.3333333333333335 0.44558276850108575
3.361111111111111 0.4445479986503635
3.388888888888889 0.4435350699214784
3.4166666666666665 0.442543577293184
3.4444444444444446 0.44157312191867587
3.4722222222222223 0.44062331106868124
3.5 0.4396937580745173
3.5277777777777777 0.4387840822710787
3.5555555555555554 0.43789390893973834
3.5833333333333335 0.4370228692511362
3.611111111111111 0.43617060020784043
3.638888888888889 0.4353367445868681
3.6666666666666665 0.4345209508820504
3.6944444444444446 0.43372287324623815
3.7222222222222223 0.43294217143333985
3.75 0.4321785107401899
3.7777777777777777 0.431431561948245
3.8055555555555554 0.4307010012651122
3.8333333333333335 0.4299865102659119
3.861111111111111 0.4292877758344806
3.888888888888889 0.42860449010441837
3.9166666666666665 0.42793635040000183
3.9444444444444446 0.42728305917695614
3.9722222222222223 0.4266443239631116
4.0 0.4260198572989536
4.027777777777778 0.4254093766780814
4.055555555555555 0.42481260448759073
4.083333333333333 0.42422926794839827
4.111111111111111 0.4236590990555256
4.138888888888889 0.42310183451835964
4.166666666666667 0.42255721570090776
4.194444444444445 0.42202498856207366
4.222222222222222 0.4215049035959653
4.25 0.420996715772258
4.277777777777778 0.4205001844766355
4.305555555555555 0.4200150734513296
4.333333333333333 0.4195411507357745
4.361111111111111 0.4190781886074017
4.388888888888889 0.4186259635225935
4.416666666666667 0.41818425605781717
4.444444444444445 0.41775285085095504
4.472222222222222 0.41733153654286237
4.5 0.4169201057191563
4.527777777777778 0.416518354852272
4.555555555555555 0.4161260842437902
4.583333333333333 0.4157430979670686
4.611111111111111 0.4153692038101843
4.638888888888889 0.41500421321920916
4.666666666666667 0.41464794124183746
4.694444444444445 0.41430020647138016
4.722222222222222 0.41396083099113984
4.75 0.4136296403191854
4.777777777777778 0.41330646335354154
4.805555555555555 0.41299113231780316
4.833333333333333 0.4126834827071927
4.861111111111111 0.41238335323507114
4.888888888888889 0.4120905857799158
4.916666666666667 0.41180502533277513
4.944444444444445 0.4115265199452158
4.972222222222222 0.41125492067776737
5.0 0.41099008154887867
5.027777777777778 0.41073185948439117
5.055555555555555 0.4104801142675396
5.083333333333333 0.4102347084894924
5.111111111111111 0.4099955075004294
5.138888888888889 0.4097623793611731
5.166666666666667 0.4095351947953734
5.194444444444445 0.40931382714225534
5.222222222222222 0.4090981523099314
5.25 0.4088880487292865
5.277777777777778 0.4086833973084355
5.305555555555555 0.40848408138776093
5.333333333333333 0.4082899866955296
5.361111111111111 0.4081010013040925
5.388888888888889 0.4079170155866717
5.416666666666667 0.4077379221747317
5.444444444444445 0.4075636159159381
5.472222222222222 0.40739399383270636
5.5 0.4072289550813347
5.527777777777778 0.40706840091172874
5.555555555555555 0.4069122346277088
5.583333333333333 0.4067603615479066
5.611111111111111 0.40661268896724484
5.638888888888889 0.4064691261189967
5.666666666666667 0.4063295841374302
5.694444444444445 0.4061939760210267
5.722222222222222 0.40606221659627756
5.75 0.40593422248204947
5.777777777777778 0.405809912054521
5.805555555555555 0.4056892054126832
5.833333333333333 0.4055720243444029
5.861111111111111 0.4054582922930418
5.888888888888889 0.4053479343246287
5.916666666666667 0.4052408770955822
5.944444444444445 0.4051370488209757
5.972222222222222 0.4050363792433427
6.0 0.40493879960201457
6.027777777777778 0.4048442426029897
6.055555555555555 0.40475264238932623
6.083333333333333 0.4046639345120506
6.111111111111111 0.40457805590158297
6.138888888888889 0.4044949448396673
6.166666666666667 0.40441454093180224
6.194444444444445 0.4043367850801727
6.222222222222222 0.4042616194570658
6.25 0.40418898747877285
6.277777777777778 0.4041188337799698
6.305555555555555 0.40405110418856977
6.333333333333333 0.4039857457010393
6.361111111111111 0.40392270645817635
6.388888888888889 0.4038619357213401
6.416666666666667 0.40380338384912884
6.444444444444445 0.4037470022744985
6.472222222222222 0.4036927434823142
6.5 0.40364056098733275
6.527777777777778 0.4035904093126056
6.555555555555555 0.40354224396829763
6.583333333333333 0.4034960214309138
6.611111111111111 0.4034516991229347
6.638888888888889 0.4034092353928419
6.666666666666667 0.4033685894955378
6.694444444444445 0.40332972157315045
6.722222222222222 0.4032925926362151
6.75 0.4032571645452308
6.777777777777778 0.4032233999925788
6.805555555555555 0.40319126248480475
6.833333333333333 0.40316071632525413
6.861111111111111 0.4031317265970551
6.888888888888889 0.4031042591464457
6.916666666666667 0.4030782805664341
6.944444444444445 0.403053758180792
6.972222222222222 0.4030306600283729
7.0 0.4030089548477483
7.027777777777778 0.4029886120621586
7.055555555555555 0.402969601764769
7.083333333333333 0.4029518947042333
7.111111111111111 0.4029354622705494
7.138888888888889 0.40292027648120904
7.166666666666667 0.4029063099676325
7.194444444444445 0.40289353596188443
7.222222222222222 0.4028819282836675
7.25 0.40287146132758284
7.277777777777778 0.4028621100506594
7.305555555555555 0.4028538499601417
7.333333333333333 0.4028466571015357
7.361111111111111 0.40284050804690064
7.388888888888889 0.4028353798833923
7.416666666666667 0.40283125020204485
7.444444444444445 0.4028280970867885
7.472222222222222 0.40282589910370076
7.5 0.4028246352904837
7.527777777777778 0.40282428514616675
7.555555555555555 0.40282482862102464
7.583333333333333 0.4028262461067126
7.611111111111111 0.40282851842660955
7.638888888888889 0.40283162682636914
7.666666666666667 0.4028355529646712
7.694444444444445 0.40284027890417096
7.722222222222222 0.4028457871026434
7.75 0.4028520604043161
7.777777777777778 0.40285908203138887
7.805555555555555 0.4028668355757352
7.833333333333333 0.40287530499078245
7.861111111111111 0.4028844745835685
7.888888888888889 0.4028943290069673
7.916666666666667 0.4029048532520839
7.944444444444445 0.40291603264081244
7.972222222222222 0.40292785281855764
8.0 0.4029402997471121
8.027777777777779 0.4029533596976877
8.055555555555555 0.40296701924409983
8.083333333333334 0.40298126525610006
8.11111111111111 0.4029960848928496
8.13888888888889 0.4030114655965402
8.166666666666666 0.40302739508615065
8.194444444444445 0.4030438613513416
8.222222222222221 0.40306085264648067
8.25 0.4030783574848008
8.277777777777779 0.403096364632684
8.305555555555555 0.40311486310407324
8.333333333333334 0.403133842155002
8.36111111111111 0.4031532912782484
8.38888888888889 0.4031732001981031
8.416666666666666 0.4031935588652527
8.444444444444445 0.403214357451778
8.472222222222221 0.40323558634625517
8.5 0.4032572361489732
8.527777777777779 0.40327929766725223
8.555555555555555 0.4033017619108623
8.583333333333334 0.4033246200875474
8.61111111111111 0.40334786359864544
8.63888888888889 0.4033714840348056
8.666666666666666 0.40339547317179947
8.694444444444445 0.40341982296642487
8.722222222222221 0.4034445255525014
8.75 0.4034695732369504
8.777777777777779 0.40349495849596434
8.805555555555555 0.40352067397126257
8.833333333333334 0.4035467124664238
8.86111111111111 0.4035730669433067
8.88888888888889 0.40359973051854403
8.916666666666666 0.4036266964601166
8.944444444444445 0.4036539581840042
8.972222222222221 0.40368150925090696
9.0 0.4037093433630444
9.027777777777779 0.40373745436101904
9.055555555555555 0.4037658362207548
9.083333333333334 0.40379448305050086
9.11111111111111 0.4038233890879031
9.13888888888889 0.4038525486971375
9.166666666666666 0.4038819563661106
9.194444444444445 0.4039116067037201
9.222222222222221 0.403941494437177
9.25 0.40397161440938584
9.277777777777779 0.40400196157638407
9.305555555555555 0.40403253100484027
9.333333333333334 0.4040633178696008
9.36111111111111 0.40409431745130003
9.38888888888889 0.4041255251340184
9.416666666666666 0.4041569364029923
9.444444444444445 0.40418854684237626
9.472222222222221 0.40422035213305374
9.5 0.4042523480504994
9.527777777777779 0.4042845304626827
9.555555555555555 0.4043168953280268
9.583333333333334 0.40434943869340345
9.61111111111111 0.40438215669218003
9.63888888888889 0.4044150455423041
9.666666666666666 0.40444810154443644
9.694444444444445 0.404481321080119
9.722222222222221 0.4045147006099892
9.75 0.40454823667202966
9.777777777777779 0.4045819258798609
9.805555555555555 0.4046157649210681
9.833333333333334 0.4046497505555674
9.86111111111111 0.404683879614008
9.88888888888889 0.4047181489962078
9.916666666666666 0.4047525556696287
9.944444444444445 0.40478709666788015
9.972222222222221 0.4048217690892584
10.0 0.40485657009532033
10.027777777777779 0.4048914969094846
10.055555555555555 0.4049265468156671
10.083333333333334 0.4049617171569451
10.11111111111111 0.40499700533425365
10.13888888888889 0.4050324088051063
10.166666666666666 0.4050679250823491
10.194444444444445 0.4051035517329389
10.222222222222221 0.40513928637675006
10.25 0.40517512668540806
10.277777777777779 0.40521107038114784
10.305555555555555 0.40524711523569956
10.333333333333334 0.4052832590691963
10.36111111111111 0.40531949974910825
10.38888888888889 0.405355835189199
10.416666666666666 0.4053922633485064
10.444444444444445 0.4054287822303456
10.472222222222221 0.40546538988133324
10.5 0.40550208439043384
10.527777777777779 0.4055388638880298
10.555555555555555 0.4055757265450068
10.583333333333334 0.4056126705718637
10.61111111111111 0.4056496942178421
10.63888888888889 0.40568679577007255
10.666666666666666 0.4057239735527426
10.694444444444445 0.4057612259262797
10.722222222222221 0.4057985512865563
10.75 0.40583594806411166
10.777777777777779 0.40587341472338717
10.805555555555555 0.40591094976198383
10.833333333333334 0.4059485517099315
10.86111111111111 0.4059862191289795
10.88888888888889 0.4060239506118987
10.916666666666666 0.4060617447817982
10.944444444444445 0.4060996002914628
10.972222222222221 0.4061375158227001
11.0 0.4061754900857037
11.027777777777779 0.40621352181843157
11.055555555555555 0.40625160978599456
11.083333333333334 0.4062897527800636
11.11111111111111 0.4063279496182861
11.13888888888889 0.4063661991437166
11.166666666666666 0.4064045002242605
11.194444444444445 0.40644285175212874
11.222222222222221 0.40648125264330653
11.25 0.4065197018370306
11.277777777777779 0.40655819829528284
11.305555555555555 0.4065967410022899
11.333333333333334 0.4066353289640382
11.36111111111111 0.4066739612077961
11.38888888888889 0.4067126367816483
11.416666666666666 0.406751354754043
11.444444444444445 0.40679011421334377
11.472222222222221 0.4068289142673958
11.5 0.406867754043099
11.527777777777779 0.40690663268599264
11.555555555555555 0.4069455493598454
11.583333333333334 0.40698450324626206
11.61111111111111 0.4070234935442897
11.63888888888889 0.4070625194700381
11.666666666666666 0.407101580256308
11.694444444444445 0.4071406751522258
11.722222222222221 0.4071798034228883
11.75 0.407218964349013
11.777777777777779 0.4072581572265994
11.805555555555555 0.407297381366593
11.833333333333334 0.4073366360945627
11.86111111111111 0.40737592075037965
11.88888888888889 0.40741523468790625
11.916666666666666 0.40745457727469125
11.944444444444445 0.4074939478916727
11.972222222222221 0.4075333459328855
12.0 0.40757277080517584
12.027777777777779 0.4076122219279231
12.055555555555555 0.40765169873276785
12.083333333333334 0.40769120066334247
12.11111111111111 0.4077307271750137
12.13888888888889 0.40777027773462526
12.166666666666666 0.40780985182024904
12.194444444444445 0.4078494489209403
12.222222222222221 0.4078890685365009
12.25 0.4079287101772436
12.277777777777779 0.4079683733637664
12.305555555555555 0.408008057626726
12.333333333333334 0.4080477625066218
12.36111111111111 0.40808748755358176
12.38888888888889 0.4081272323271534
12.416666666666666 0.40816699639609955
12.444444444444445 0.4082067793381982
12.472222222222221 0.40824658074004583
12.5 0.40828640019687057
12.527777777777779 0.4083262373123402
12.555555555555555 0.40836609169838134
12.583333333333334 0.40840596297500165
12.61111111111111 0.4084458507701127
12.63888888888889 0.40848575471936066
12.666666666666666 0.408525674465958
12.694444444444445 0.4085656096605205
12.722222222222221 0.4086055599609052
12.75 0.40864552503205676
12.777777777777779 0.40868550454585145
12.805555555555555 0.4087254981809484
12.833333333333334 0.4087655056226436
12.86111111111111 0.4088055265627267
12.88888888888889 0.4088455606993388
12.916666666666666 0.40888560773683735
12.944444444444445 0.40892566738566083
12.972222222222221 0.4089657393621982
13.0 0.40900582338865993
13.027777777777779 0.4090459191929522
13.055555555555555 0.40908602650855524
13.083333333333334 0.40912614507440254
13.11111111111111 0.40916627463476235
13.13888888888889 0.40920641493912474
13.166666666666666 0.40924656574208645
13.194444444444445 0.4092867268032436
13.222222222222221 0.40932689788708265
13.25 0.40936707876287554
13.277777777777779 0.40940726920457626
13.305555555555555 0.40944746899071993
13.333333333333334 0.40948767790432566
13.36111111111111 0.4095278957327988
13.38888888888889 0.4095681222678367
13.416666666666666 0.40960835730533735
13.444444444444445 0.4096486006453083
13.472222222222221 0.4096888520917785
13.5 0.4097291114527132
13.527777777777779 0.40976937853992684
13.555555555555555 0.4098096531690035
13.583333333333334 0.4098499351592137
13.61111111111111 0.4098902243334362
13.63888888888889 0.4099305205180812
13.666666666666666 0.4099708235430132
13.694444444444445 0.41001113324147886
13.722222222222221 0.41005144945003275
13.75 0.4100917720084673
13.777777777777779 0.4101321007597436
13.805555555555555 0.4101724355499232
13.833333333333334 0.4102127762281023
13.86111111111111 0.4102531226463469
13.88888888888889 0.41029347465962734
13.916666666666666 0.41033383212575986
13.944444444444445 0.41037419490534227
13.972222222222221 0.41041456286169603
14.0 0.41045493586080856
14.027777777777779 0.4104953137712755
14.055555555555555 0.41053569646424454
14.083333333333334 0.41057608381336264
14.11111111111111 0.4106164756947213
14.13888888888889 0.4106568719868045
14.166666666666666 0.41069727257043864
14.194444444444445 0.41073767732874217
14.222222222222221 0.4107780861470756
14.25 0.4108184989129959
14.277777777777779 0.41085891551620773
14.305555555555555 0.4108993358485188
14.333333333333334 0.410939759803795
14.36111111111111 0.4109801872779172
14.38888888888889 0.4110206181687362
14.416666666666666 0.41106105237603324
14.444444444444445 0.41110148980147787
14.472222222222221 0.4111419303485883
14.5 0.4111823739226913
14.527777777777779 0.4112228204308848
14.555555555555555 0.4112632697819998
14.583333333333334 0.41130372188656406
14.61111111111111 0.4113441766567648
14.63888888888889 0.4113846340064153
14.666666666666666 0.411425093850919
14.694444444444445 0.41146555610723695
14.722222222222221 0.41150602069385456
14.75 0.4115464875307477
14.777777777777779 0.4115869565393534
14.805555555555555 0.4116274276425379
14.833333333333334 0.41166790076456583
14.86111111111111 0.41170837583107345
14.88888888888889 0.41174885276903533
14.916666666666666 0.41178933150673896
14.944444444444445 0.4118298119737569
14.972222222222221 0.411870294100919
15.0 0.41191077782028546
15.027777777777779 0.41195126306512186
15.055555555555555 0.41199174976987335
15.083333333333334 0.41203223787013993
15.11111111111111 0.4120727273026513
15.13888888888889 0.4121132180052444
15.166666666666666 0.4121537099168387
15.194444444444445 0.41219420297741516
15.222222222222221 0.4122346971279917
15.25 0.4122751923106032
15.277777777777779 0.41231568846827993
15.305555555555555 0.4123561855450251
15.333333333333334 0.412396683485797
15.36111111111111 0.4124371822364864
15.38888888888889 0.41247768174389776
15.416666666666666 0.4125181819557318
15.444444444444445 0.41255868282056435
15.472222222222221 0.41259918428782894
15.5 0.41263968630779957
15.527777777777779 0.4126801888315726
15.555555555555555 0.41272069181104765
15.583333333333334 0.41276119519891435
15.61111111111111 0.4128016989486331
15.63888888888889 0.4128422030144206
15.666666666666666 0.4128827073512322
15.694444444444445 0.412923211914748
15.722222222222221 0.4129637166613582
15.75 0.41300422154814664
15.777777777777779 0.41304472653287727
15.805555555555555 0.4130852315739802
15.833333333333334 0.41312573663053764
15.86111111111111 0.4131662416622688
15.88888888888889 0.4132067466295198
15.916666666666666 0.41324725149324804
15.944444444444445 0.41328775621500996
15.972222222222221 0.41332826075694934
16.0 0.4133687650817856
16.02777777777778 0.4134092691527999
16.055555555555557 0.41344977293382473
16.083333333333332 0.41349027638923286
16.11111111111111 0.41353077948392564
16.13888888888889 0.41357128218332107
16.166666666666668 0.4136117844533461
16.194444444444443 0.4136522862604223
16.22222222222222 0.41369278757145855
16.25 0.41373328835383927
16.27777777777778 0.4137737885754157
16.305555555555557 0.41381428820449656
16.333333333333332 0.41385478720983676
16.36111111111111 0.4138952855606293
16.38888888888889 0.4139357832264977
16.416666666666668 0.4139762801774849
16.444444444444443 0.41401677638404544
16.47222222222222 0.4140572718170373
16.5 0.4140977664477137
16.52777777777778 0.4141382602477139
16.555555555555557 0.4141787531890571
16.583333333333332 0.41421924524413367
16.61111111111111 0.4142597363856977
16.63888888888889 0.4143002265868579
16.666666666666668 0.414340715821074
16.694444444444443 0.4143812040621466
16.72222222222222 0.41442169128421086
16.75 0.41446217746173025
16.77777777777778 0.41450266256949
16.805555555555557 0.41454314658258923
16.833333333333332 0.41458362947643673
16.86111111111111 0.414624111226742
16.88888888888889 0.41466459180951165
16.916666666666668 0.41470507120104205
16.944444444444443 0.4147455493779138
16.97222222222222 0.4147860263169856
17.0 0.4148265019953892
17.02777777777778 0.4148669763905234
17.055555555555557 0.4149074494800502
17.083333333333332 0.4149479212418854
17.11111111111111 0.414988391654199
17.13888888888889 0.41502886069540657
17.166666666666668 0.41506932834416504
17.194444444444443 0.4151097945793667
17.22222222222222 0.4151502593801379
17.25 0.41519072272583135
17.27777777777778 0.41523118459602215
17.305555555555557 0.4152716449705034
17.333333333333332 0.41531210382928346
17.36111111111111 0.41535256115257807
17.38888888888889 0.4153930169208105
17.416666666666668 0.41543347111460455
17.444444444444443 0.4154739237147817
17.47222222222222 0.4155143747023566
17.5 0.41555482405853333
17.52777777777778 0.4155952717647023
17.555555555555557 0.41563571780243586
17.583333333333332 0.4156761621534854
17.61111111111111 0.41571660479977673
17.63888888888889 0.41575704572340766
17.666666666666668 0.4157974849066449
17.694444444444443 0.4158379223319189
17.72222222222222 0.4158783579818227
17.75 0.4159187918391071
17.77777777777778 0.41595922388668033
17.805555555555557 0.41599965410760137
17.833333333333332 0.4160400824850782
17.86111111111111 0.4160805090024671
17.88888888888889 0.4161209336432671
17.916666666666668 0.4161613563911186
17.944444444444443 0.41620177722979984
17.97222222222222 0.4162421961432241
18.0 0.4162826131154392
18.02777777777778 0.4163230281306218
18.055555555555557 0.41636344117307733
18.083333333333332 0.416403852227237
18.11111111111111 0.41644426127765377
18.13888888888889 0.41648466830900244
18.166666666666668 0.4165250733060756
18.194444444444443 0.4165654762537818
18.22222222222222 0.4166058771371434
18.25 0.41664627594129633
18.27777777777778 0.4166866726514835
18.305555555555557 0.4167270672530573
18.333333333333332 0.4167674597314749
18.36111111111111 0.41680785007229726
18.38888888888889 0.4168482382611871
18.416666666666668 0.4168886242839062
18.444444444444443 0.41692900812631506
18.47222222222222 0.41696938977436976
18.5 0.4170097692141208
18.52777777777778 0.4170501464317111
18.555555555555557 0.41709052141337494
18.583333333333332 0.4171308941454343
18.61111111111111 0.4171712646142999
18.63888888888889 0.4172116328064682
18.666666666666668 0.41725199870851953
18.694444444444443 0.41729236230711697
18.72222222222222 0.4173327235890055
18.75 0.4173730825410093
18.77777777777778 0.41741343915003126
18.805555555555557 0.4174537934030509
18.833333333333332 0.41749414528712325
18.86111111111111 0.41753449478937826
18.88888888888889 0.41757484189701743
18.916666666666668 0.4176151865973147
18.944444444444443 0.4176555288776142
18.97222222222222 0.41769586872532904
19.0 0.41773620612794066
19.02777777777778 0.4177765410729957
19.055555555555557 0.4178168735481077
19.083333333333332 0.4178572035409533
19.11111111111111 0.4178975310392732
19.13888888888889 0.4179378560308702
19.166666666666668 0.4179781785036068
19.194444444444443 0.41801849844540795
19.22222222222222 0.4180588158442549
19.25 0.4180991306881892
19.27777777777778 0.41813944296530664
19.305555555555557 0.41817975266376173
19.333333333333332 0.41822005977176163
19.36111111111111 0.4182603642775692
19.38888888888889 0.41830066616949946
19.416666666666668 0.4183409654359203
19.444444444444443 0.4183812620652505
19.47222222222222 0.4184215560459603
19.5 0.41846184736656933
19.52777777777778 0.41850213601564523
19.555555555555557 0.4185424219818042
19.583333333333332 0.41858270525371
19.61111111111111 0.4186229858200733
19.63888888888889 0.41866326366964995
19.666666666666668 0.41870353879124067
19.694444444444443 0.41874381117369086
19.72222222222222 0.4187840808058895
19.75 0.41882434767676885
19.77777777777778 0.41886461177530326
19.805555555555557 0.4189048730905081
19.833333333333332 0.41894513161143954
19.86111111111111 0.41898538732719515
19.88888888888889 0.4190256402269116
19.916666666666668 0.4190658902997636
19.944444444444443 0.41910613753496706
19.97222222222222 0.4191463819217728
20.0 0.419186623449471
20.02777777777778 0.4192268621073869
20.055555555555557 0.41926709788488364
20.083333333333332 0.4193073307713585
20.11111111111111 0.41934756075624496
20.13888888888889 0.41938778782901065
20.166666666666668 0.419428011979157
20.194444444444443 0.4194682331962201
20.22222222222222 0.41950845146976895
20.25 0.4195486667894035
20.27777777777778 0.4195888791447573
20.305555555555557 0.4196290885254955
20.333333333333332 0.41966929492131555
20.36111111111111 0.4197094983219435
20.38888888888889 0.4197496987171377
20.416666666666668 0.41978989609668604
20.444444444444443 0.4198300904504047
20.47222222222222 0.4198702817681406
20.5 0.4199104700397692
20.52777777777778 0.4199506552551939
20.555555555555557 0.41999083740434706
20.583333333333332 0.42003101647718716
20.61111111111111 0.4200711924637012
20.63888888888889 0.42011136535390303
20.666666666666668 0.4201515351378316
20.694444444444443 0.4201917018055542
20.72222222222222 0.4202318653471633
20.75 0.4202720257527761
20.77777777777778 0.4203121830125363
20.805555555555557 0.4203523371166123
20.833333333333332 0.4203924880551964
20.86111111111111 0.42043263581850604
20.88888888888889 0.4204727803967818
20.916666666666668 0.420512921780289
20.944444444444443 0.42055305995931624
20.97222222222222 0.4205931949241753
21.0 0.4206333266652004
21.02777777777778 0.4206734551727491
21.055555555555557 0.420713580437201
21.083333333333332 0.4207537024489574
21.11111111111111 0.4207938211984432
21.13888888888889 0.4208339366761028
21.166666666666668 0.42087404887240343
21.194444444444443 0.42091415777783314
21.22222222222222 0.4209542633829
21.25 0.420994365678135
21.27777777777778 0.421034464654088
21.305555555555557 0.4210745603013292
21.333333333333332 0.4211146526104496
21.36111111111111 0.42115474157205973
21.38888888888889 0.42119482717678963
21.416666666666668 0.42123490941528907
21.444444444444443 0.42127498827822646
21.47222222222222 0.42131506375629
21.5 0.4213551358401869
21.52777777777778 0.4213952045206424
21.555555555555557 0.42143526978840096
21.583333333333332 0.4214753316342256
21.61111111111111 0.4215153900488962
21.63888888888889 0.4215554450232117
21.666666666666668 0.4215954965479894
21.694444444444443 0.4216355446140632
21.72222222222222 0.4216755892122852
21.75 0.42171563033352455
21.77777777777778 0.4217556679686676
21.805555555555557 0.4217957021086181
21.833333333333332 0.42183573274429703
21.86111111111111 0.4218757598666409
21.88888888888889 0.42191578346660397
21.916666666666668 0.4219558035351572
21.944444444444443 0.4219958200632871
21.97222222222222 0.42203583304199643
22.0 0.4220758424623051
22.02777777777778 0.4221158483152482
22.055555555555557 0.42215585059187677
22.083333333333332 0.4221958492832573
22.11111111111111 0.4222358443804727
22.13888888888889 0.42227583587462114
22.166666666666668 0.4223158237568156
22.194444444444443 0.42235580801818534
22.22222222222222 0.42239578864987354
22.25 0.4224357656430402
22.27777777777778 0.42247573898885865
22.305555555555557 0.4225157086785178
22.333333333333332 0.422555674703221
22.36111111111111 0.4225956370541869
22.38888888888889 0.4226355957226477
22.416666666666668 0.42267555069985147
22.444444444444443 0.42271550197705926
22.47222222222222 0.42275544954554656
22.5 0.42279539339660455
22.52777777777778 0.4228353335215368
22.555555555555557 0.4228752699116615
22.583333333333332 0.42291520255831166
22.61111111111111 0.42295513145283237
22.63888888888889 0.42299505658658404
22.666666666666668 0.42303497795094036
22.694444444444443 0.42307489553728783
22.72222222222222 0.42311480933702755
22.75 0.42315471934157334
22.77777777777778 0.42319462554235276
22.805555555555557 0.42323452793080707
22.833333333333332 0.42327442649839025
22.86111111111111 0.4233143212365694
22.88888888888889 0.42335421213682534
22.916666666666668 0.4233940991906505
22.944444444444443 0.42343398238955265
22.97222222222222 0.4234738617250508
23.0 0.423513737188677
23.02777777777778 0.4235536087719762
23.055555555555557 0.4235934764665059
23.083333333333332 0.42363334026383703
23.11111111111111 0.42367320015555254
23.13888888888889 0.4237130561332482
23.166666666666668 0.4237529081885316
23.194444444444443 0.42379275631302366
23.22222222222222 0.4238326004983568
23.25 0.423872440736177
23.27777777777778 0.4239122770181417
23.305555555555557 0.4239521093359215
23.333333333333332 0.42399193768119764
23.36111111111111 0.42403176204566445
23.38888888888889 0.42407158242102816
23.416666666666668 0.42411139879900717
23.444444444444443 0.4241512111713316
23.47222222222222 0.42419101952974453
23.5 0.4242308238660002
23.52777777777778 0.4242706241718644
23.555555555555557 0.42431042043911443
23.583333333333332 0.4243502126595407
23.61111111111111 0.42439000082494527
23.63888888888889 0.42442978492714106
23.666666666666668 0.4244695649579532
23.694444444444443 0.4245093409092177
23.72222222222222 0.4245491127727828
23.75 0.4245888805405082
23.77777777777778 0.42462864420426505
23.805555555555557 0.42466840375593656
23.833333333333332 0.424708159187417
23.86111111111111 0.4247479104906118
23.88888888888889 0.42478765765743765
23.916666666666668 0.42482740067982355
23.944444444444443 0.42486713954970823
23.97222222222222 0.4249068742590439
