0.0 1.0
0.027777777777777776 0.9662573535141202
0.05555555555555555 0.9423943513657219
0.08333333333333333 0.923520001078572
0.1111111111111111 0.9076772785374138
0.1388888888888889 0.8938566134978858
0.16666666666666666 0.8814390317764704
0.19444444444444445 0.869998392510879
0.2222222222222222 0.859225849524391
0.25 0.8488964196482695
0.2777777777777778 0.8388493085117992
0.3055555555555556 0.8289731736291062
0.3333333333333333 0.819194084207627
0.3611111111111111 0.8094657084366208
0.3888888888888889 0.7997615404678285
0.4166666666666667 0.7900689283946885
0.4444444444444444 0.7803846074009725
0.4722222222222222 0.7707114344971897
0.5 0.7610560498359393
0.5277777777777778 0.7514272341988287
0.5555555555555556 0.7418347791498197
0.5833333333333334 0.7322887286201478
0.6111111111111112 0.7227988858052653
0.6388888888888888 0.7133745070305584
0.6666666666666666 0.7040241255265656
0.6944444444444444 0.6947554640134832
0.7222222222222222 0.6855754067773182
0.75 0.6764900105194438
0.7777777777777778 0.6675045394810937
0.8055555555555556 0.658623514809276
0.8333333333333334 0.6498507713143016
0.8611111111111112 0.641189517024415
0.8888888888888888 0.6326423925296433
0.9166666666666666 0.6242115282144809
0.9444444444444444 0.6158985982448429
0.9722222222222222 0.6077048706979796
1.0 0.5996312535759803
1.0277777777777777 0.5916783366750858
1.0555555555555556 0.5838464294306581
1.0833333333333333 0.5761355949471846
1.1111111111111112 0.5685456804724612
1.1388888888888888 0.561076344598025
1.1666666666666667 0.5537270814730851
1.1944444444444444 0.546497242312974
1.2222222222222223 0.5393860544698885
1.25 0.5323926383164445
1.2777777777777777 0.5255160221733516
1.3055555555555556 0.5187551554927009
1.3333333333333333 0.5121089204888033
1.3611111111111112 0.5055761423898002
1.3888888888888888 0.4991555984656648
1.4166666666666667 0.49284602597193955
1.4444444444444444 0.4866461291336228
1.4722222222222223 0.48055458528005407
1.5 0.47457005022938864
1.5277777777777777 0.4686911630102255
1.5555555555555556 0.4629165499980699
1.5833333333333333 0.4572448285354862
1.6111111111111112 0.45167461009691995
1.6388888888888888 0.44620450305216725
1.6666666666666667 0.44083311507623674
1.6944444444444444 0.43555905524783267
1.7222222222222223 0.4303809358737754
1.75 0.42529737407234136
1.7777777777777777 0.4203069931446515
1.8055555555555556 0.4154084237598327
1.8333333333333333 0.4106003049766655
1.8611111111111112 0.4058812851217581
1.8888888888888888 0.40125002254193515
1.9166666666666667 0.39670518624643786
1.9444444444444444 0.3922454564526897
1.9722222222222223 0.3878695250477512
2.0 0.3835760959761413
2.0277777777777777 0.37936388556343403
2.0555555555555554 0.3752316227839057
2.0833333333333335 0.37117804947951366
2.111111111111111 0.36720192053660783
2.138888888888889 0.3633020040259963
2.1666666666666665 0.35947708131129547
2.1944444444444446 0.3557259471298924
2.2222222222222223 0.352047409650302
2.25 0.3484402905092331
2.2777777777777777 0.34490342483125336
2.3055555555555554 0.34143566123357283
2.3333333333333335 0.33803586181813805
2.361111111111111 0.3347029021529416
2.388888888888889 0.3314356712441945
2.4166666666666665 0.3282330715007821
2.4444444444444446 0.32509401869223076
2.4722222222222223 0.3220174419012329
2.5 0.31900228347162696
2.5277777777777777 0.31604749895259276
2.5555555555555554 0.3131520570397044
2.5833333333333335 0.31031493951337735
2.611111111111111 0.3075351411751602
2.638888888888889 0.3048116697822344
2.6666666666666665 0.30214354598042553
2.6944444444444446 0.29952980323596207
2.7222222222222223 0.29696948776616944
2.75 0.2944616584692438
2.7777777777777777 0.2920053868532085
2.8055555555555554 0.289599756964127
2.8333333333333335 0.2872438653136172
2.861111111111111 0.28493682080568894
2.888888888888889 0.2826777446629101
2.9166666666666665 0.28046577035188797
2.9444444444444446 0.2783000435080429
2.9722222222222223 0.2761797218596419
3.0 0.27410397515105095
3.0277777777777777 0.27207198506516256
3.0555555555555554 0.2700829451449491
3.0833333333333335 0.2681360607140947
3.111111111111111 0.2662305487966539
3.138888888888889 0.26436563803569213
3.1666666666666665 0.2625405686108592
3.1944444444444446 0.260754592154855
3.2222222222222223 0.2590069716687473
3.25 0.2572969814361072
3.2777777777777777 0.255623906935933
3.3055555555555554 0.25398704475433664
3.3333333333333335 0.25238570249497355
3.361111111111111 0.25081919868820307
3.388888888888889 0.24928686269896982
3.4166666666666665 0.24778803463340462
3.4444444444444446 0.2463220652441472
3.4722222222222223 0.2448883158344015
3.5 0.24348615816073438
3.5277777777777777 0.2421149743346409
3.5555555555555554 0.24077415672289823
3.5833333333333335 0.23946310784673844
3.611111111111111 0.23818124027987483
3.638888888888889 0.23692797654541917
3.6666666666666665 0.23570274901173252
3.6944444444444446 0.23450499978725586
3.7222222222222223 0.2333341806143712
3.75 0.23218975276234283
3.7777777777777777 0.23107118691939832
3.8055555555555554 0.22997796308400292
3.8333333333333335 0.22890957045539143
3.861111111111111 0.22786550732341654
3.888888888888889 0.22684528095777876
3.9166666666666665 0.2258484074967028
3.9444444444444446 0.2248744118351249
3.9722222222222223 0.2239228275124598
4.0 0.22299319660001224
4.027777777777778 0.22208506958810145
4.055555555555555 0.22119800527296551
4.083333333333333 0.22033157064351222
4.111111111111111 0.21948534076798368
4.138888888888889 0.2186588986805989
4.166666666666667 0.21785183526824176
4.194444444444445 0.21706374915725501
4.222222222222222 0.21629424660040686
4.25 0.21554294136408816
4.277777777777778 0.2148094546158024
4.305555555555555 0.21409341481200583
4.333333333333333 0.21339445758635625
4.361111111111111 0.21271222563842235
4.388888888888889 0.21204636862291018
4.416666666666667 0.21139654303945699
4.444444444444445 0.21076241212304028
4.472222222222222 0.21014364573505245
4.5 0.20953992025508386
4.527777777777778 0.2089509184734595
4.555555555555555 0.2083763294845695
4.583333333333333 0.2078158485810332
4.611111111111111 0.2072691771487343
4.638888888888889 0.20673602256276152
4.666666666666667 0.20621609808428784
4.694444444444445 0.20570912275842068
4.722222222222222 0.20521482131305022
4.75 0.20473292405872404
4.777777777777778 0.2042631667895733
4.805555555555555 0.20380529068531203
4.833333333333333 0.2033590422143335
4.861111111111111 0.20292417303792118
4.888888888888889 0.20250043991559147
4.916666666666667 0.20208760461158656
4.944444444444445 0.20168543380252957
4.972222222222222 0.2012936989862555
5.0 0.20091217639182804
5.027777777777778 0.20054064689075443
5.055555555555555 0.2001788959094022
5.083333333333333 0.1998267133426283
5.111111111111111 0.19948389346862383
5.138888888888889 0.19915023486497888
5.166666666666667 0.19882554032597
5.194444444444445 0.1985096167810719
5.222222222222222 0.19820227521469433
5.25 0.19790333058714216
5.277777777777778 0.197612601756798
5.305555555555555 0.19732991140352402
5.333333333333333 0.19705508595328022
5.361111111111111 0.19678795550395345
5.388888888888889 0.19652835375239186
5.416666666666667 0.19627611792263977
5.444444444444445 0.19603108869536623
5.472222222222222 0.19579311013847647
5.5 0.19556202963890285
5.527777777777778 0.1953376978355629
5.555555555555555 0.19511996855347633
5.583333333333333 0.19490869873903136
5.611111111111111 0.19470374839638943
5.638888888888889 0.1945049805250179
5.666666666666667 0.19431226105833943
5.694444444444445 0.1941254588034853
5.722222222222222 0.19394444538214362
5.75 0.19376909517248656
5.777777777777778 0.19359928525216674
5.805555555555555 0.19343489534236852
5.833333333333333 0.19327580775290223
5.861111111111111 0.19312190732832685
5.888888888888889 0.19297308139508917
5.916666666666667 0.19282921970966513
5.944444444444445 0.1926902144076888
5.972222222222222 0.19255595995405791
6.0 0.19242635309399833
6.027777777777778 0.19230129280507677
6.055555555555555 0.19218068025014684
6.083333333333333 0.19206441873121283
6.111111111111111 0.1919524136442
6.138888888888889 0.1918445724346141
6.166666666666667 0.19174080455408005
6.194444444444445 0.19164102141774136
6.222222222222222 0.19154513636251058
6.25 0.1914530646061535
6.277777777777778 0.19136472320719522
6.305555555555555 0.19128003102563393
6.333333333333333 0.19119890868444825
6.361111111111111 0.19112127853188518
6.388888888888889 0.1910470646045152
6.416666666666667 0.19097619259103937
6.444444444444445 0.19090858979683853
6.472222222222222 0.1908441851092484
6.5 0.19078290896354871
6.527777777777778 0.1907246933096537
6.555555555555555 0.19066947157949132
6.583333333333333 0.1906171786550574
6.611111111111111 0.1905677508371338
6.638888888888889 0.190521125814657
6.666666666666667 0.19047724263472585
6.694444444444445 0.19043604167323586
6.722222222222222 0.19039746460612839
6.75 0.1903614543812428
6.777777777777778 0.1903279551907611
6.805555555555555 0.19029691244423164
6.833333333333333 0.1902682727421625
6.861111111111111 0.1902419838501727
6.888888888888889 0.1902179946736905
6.916666666666667 0.19019625523318795
6.944444444444445 0.19017671663994104
6.972222222222222 0.19015933107230534
7.0 0.19014405175249674
7.027777777777778 0.19013083292386723
7.055555555555555 0.1901196298286656
7.083333333333333 0.19011039868627297
7.111111111111111 0.19010309667190592
7.138888888888889 0.19009768189577336
7.166666666666667 0.1900941133826827
7.194444444444445 0.19009235105208266
7.222222222222222 0.19009235569853555
7.25 0.19009408897260938
7.277777777777778 0.19009751336218228
7.305555555555555 0.19010259217414963
7.333333333333333 0.19010928951652517
7.361111111111111 0.19011757028093026
7.388888888888889 0.19012740012546053
7.416666666666667 0.19013874545792356
7.444444444444445 0.19015157341943986
7.472222222222222 0.1901658518683985
7.5 0.19018154936476092
7.527777777777778 0.19019863515470628
7.555555555555555 0.19021707915560881
7.583333333333333 0.19023685194134268
7.611111111111111 0.19025792472790584
7.638888888888889 0.1902802693593567
7.666666666666667 0.19030385829405758
7.694444444444445 0.19032866459121703
7.722222222222222 0.1903546618977259
7.75 0.1903818244352802
7.777777777777778 0.19041012698778526
7.805555555555555 0.19043954488903456
7.833333333333333 0.19047005401065756
7.861111111111111 0.1905016307503313
7.888888888888889 0.19053425202024887
7.916666666666667 0.19056789523584086
7.944444444444445 0.19060253830474316
7.972222222222222 0.19063815961600591
8.0 0.19067473802953905
8.027777777777779 0.19071225286578877
8.055555555555555 0.19075068389564037
8.083333333333334 0.1907900113305421
8.11111111111111 0.1908302158128457
8.13888888888889 0.1908712784063583
8.166666666666666 0.19091318058710186
8.194444444444445 0.1909559042342754
8.222222222222221 0.1909994316214154
8.25 0.1910437454077501
8.277777777777779 0.19108882862974366
8.305555555555555 0.19113466469282586
8.333333333333334 0.191181237363304
8.36111111111111 0.19122853076045176
8.38888888888889 0.19127652934877176
8.416666666666666 0.1913252179304291
8.444444444444445 0.19137458163784982
8.472222222222221 0.1914246059264835
8.5 0.1914752765677238
8.527777777777779 0.1915265796419851
8.555555555555555 0.19157850153193112
8.583333333333334 0.19163102891585312
8.61111111111111 0.1916841487611925
8.63888888888889 0.19173784831820737
8.666666666666666 0.19179211511377703
8.694444444444445 0.1918469369453436
8.722222222222221 0.19190230187498694
8.75 0.19195819822362892
8.777777777777779 0.19201461456536628
8.805555555555555 0.1920715397219282
8.833333333333334 0.192128962757255
8.86111111111111 0.19218687297219636
8.88888888888889 0.19224525989932686
8.916666666666666 0.1923041132978749
8.944444444444445 0.19236342314876348
8.972222222222221 0.19242317964976005
9.0 0.19248337321073314
9.027777777777779 0.19254399444901305
9.055555555555555 0.19260503418485506
9.083333333333334 0.1926664834370025
9.11111111111111 0.19272833341834694
9.13888888888889 0.19279057553168427
9.166666666666666 0.1928532013655639
9.194444444444445 0.19291620269022985
9.222222222222221 0.19297957145364997
9.25 0.19304329977763396
9.277777777777779 0.1931073799540357
9.305555555555555 0.19317180444103935
9.333333333333334 0.1932365658595277
9.36111111111111 0.1933016569895295
9.38888888888889 0.19336707076674564
9.416666666666666 0.1934328002791515
9.444444444444445 0.19349883876367366
9.472222222222221 0.19356517960294045
9.5 0.19363181632210283
9.527777777777779 0.1936987425857264
9.555555555555555 0.19376595219475082
9.583333333333334 0.1938334390835163
9.61111111111111 0.19390119731685565
9.63888888888889 0.19396922108724987
9.666666666666666 0.19403750471204667
9.694444444444445 0.19410604263073972
9.722222222222221 0.19417482940230776
9.75 0.19424385970261276
9.777777777777779 0.1943131283218532
9.805555555555555 0.19438263016207655
9.833333333333334 0.19445236023474338
9.86111111111111 0.19452231365834635
9.88888888888889 0.1945924856560814
9.916666666666666 0.19466287155356982
9.944444444444445 0.19473346677663023
9.972222222222221 0.19480426684909996
10.0 0.1948752673907031
10.027777777777779 0.19494646411496708
10.055555555555555 0.1950178528271831
10.083333333333334 0.19508942942241225
10.11111111111111 0.19516118988353573
10.13888888888889 0.1952331302793466
10.166666666666666 0.19530524676268451
10.194444444444445 0.19537753556861076
10.222222222222221 0.19544999301262325
10.25 0.19552261548891103
10.277777777777779 0.19559539946864654
10.305555555555555 0.19566834149831566
10.333333333333334 0.19574143819808396
10.36111111111111 0.195814686260199
10.38888888888889 0.1958880824474276
10.416666666666666 0.1959616235915275
10.444444444444445 0.19603530659175147
10.472222222222221 0.19610912841338557
10.5 0.19618308608631846
10.527777777777779 0.196257176703642
10.555555555555555 0.19633139742028324
10.583333333333334 0.1964057454516653
10.61111111111111 0.19648021807239824
10.63888888888889 0.1965548126149981
10.666666666666666 0.19662952646863452
10.694444444444445 0.19670435707790485
10.722222222222221 0.19677930194163565
10.75 0.19685435861171072
10.777777777777779 0.19692952469192365
10.805555555555555 0.1970047978368562
10.833333333333334 0.19708017575078096
10.86111111111111 0.19715565618658817
10.88888888888889 0.19723123694473546
10.916666666666666 0.19730691587222104
10.944444444444445 0.1973826908615789
10.972222222222221 0.1974585598498961
11.0 0.19753452081785147
11.027777777777779 0.19761057178877517
11.055555555555555 0.19768671082772907
11.083333333333334 0.1977629360406068
11.11111111111111 0.197839245573253
11.13888888888889 0.1979156376106033
11.166666666666666 0.19799211037584113
11.194444444444445 0.19806866212957427
11.222222222222221 0.19814529116902865
11.25 0.1982219958272597
11.277777777777779 0.19829877447238142
11.305555555555555 0.19837562550681132
11.333333333333334 0.19845254736653284
11.36111111111111 0.19852953852037292
11.38888888888889 0.19860659746929554
11.416666666666666 0.19868372274571092
11.444444444444445 0.19876091291279963
11.472222222222221 0.1988381665638507
11.5 0.19891548232161532
11.527777777777779 0.1989928588376733
11.555555555555555 0.19907029479181443
11.583333333333334 0.19914778889143261
11.61111111111111 0.19922533987093316
11.63888888888889 0.19930294649115313
11.666666666666666 0.19938060753879397
11.694444444444445 0.19945832182586723
11.722222222222221 0.19953608818915117
11.75 0.1996139054896603
11.777777777777779 0.19969177261212506
11.805555555555555 0.1997696884644843
11.833333333333334 0.1998476519773877
11.86111111111111 0.19992566210370927
11.88888888888889 0.20000371781807164
11.916666666666666 0.20008181811637982
11.944444444444445 0.20015996201536637
11.972222222222221 0.20023814855214522
12.0 0.2003163767837759
12.027777777777779 0.20039464578683658
12.055555555555555 0.20047295465700707
12.083333333333334 0.20055130250866007
12.11111111111111 0.2006296884744621
12.13888888888889 0.20070811170498207
12.166666666666666 0.20078657136830896
12.194444444444445 0.200865066649678
12.222222222222221 0.20094359675110413
12.25 0.20102216089102404
12.277777777777779 0.20110075830394547
12.305555555555555 0.20117938824010453
12.333333333333334 0.2012580499651302
12.36111111111111 0.2013367427597158
12.38888888888889 0.20141546591929826
12.416666666666666 0.20149421875374324
12.444444444444445 0.20157300058703828
12.472222222222221 0.20165181075699154
12.5 0.20173064861493747
12.527777777777779 0.20180951352544918
12.555555555555555 0.20188840486605603
12.583333333333334 0.20196732202696824
12.61111111111111 0.20204626441080736
12.63888888888889 0.20212523143234143
12.666666666666666 0.20220422251822734
12.694444444444445 0.202283237106758
12.722222222222221 0.20236227464761483
12.75 0.20244133460162567
12.777777777777779 0.20252041644052843
12.805555555555555 0.20259951964673895
12.833333333333334 0.20267864371312436
12.86111111111111 0.20275778814278136
12.88888888888889 0.2028369524488191
12.916666666666666 0.20291613615414678
12.944444444444445 0.2029953387912655
12.972222222222221 0.2030745599020654
13.0 0.20315379903762606
13.027777777777779 0.20323305575802206
13.055555555555555 0.20331232963213247
13.083333333333334 0.20339162023745408
13.11111111111111 0.20347092715991905
13.13888888888889 0.20355024999371643
13.166666666666666 0.2036295883411173
13.194444444444445 0.2037089418123037
13.222222222222221 0.2037883100252015
13.25 0.20386769260531637
13.277777777777779 0.2039470891855736
13.305555555555555 0.20402649940616166
13.333333333333334 0.20410592291437815
13.36111111111111 0.20418535936448004
13.38888888888889 0.20426480841753647
13.416666666666666 0.20434426974128495
13.444444444444445 0.20442374300999103
13.472222222222221 0.20450322790431008
13.5 0.2045827241111525
13.527777777777779 0.2046622313235521
13.555555555555555 0.20474174924053692
13.583333333333334 0.20482127756700283
13.61111111111111 0.20490081601358998
13.63888888888889 0.20498036429656172
13.666666666666666 0.20505992213768615
13.694444444444445 0.20513948926412046
13.722222222222221 0.2052190654082973
13.75 0.20529865030781397
13.777777777777779 0.20537824370532365
13.805555555555555 0.20545784534842923
13.833333333333334 0.20553745498957912
13.86111111111111 0.20561707238596544
13.88888888888889 0.20569669729942464
13.916666666666666 0.20577632949633967
13.944444444444445 0.2058559687475446
13.972222222222221 0.2059356148282313
14.0 0.20601526751785795
14.027777777777779 0.20609492660005954
14.055555555555555 0.20617459186256032
14.083333333333334 0.20625426309708825
14.11111111111111 0.2063339400992908
14.13888888888889 0.20641362266865282
14.166666666666666 0.20649331060841672
14.194444444444445 0.20657300372550327
14.222222222222221 0.20665270183043466
14.25 0.20673240473725962
14.277777777777779 0.20681211226347926
14.305555555555555 0.20689182422997487
14.333333333333334 0.20697154046093758
14.36111111111111 0.20705126078379882
14.38888888888889 0.2071309850291632
14.416666666666666 0.20721071303074148
14.444444444444445 0.20729044462528656
14.472222222222221 0.20737017965252988
14.5 0.2074499179551185
14.527777777777779 0.2075296593785552
14.555555555555555 0.20760940377113848
14.583333333333334 0.2076891509839048
14.61111111111111 0.20776890087057112
14.63888888888889 0.2078486532874792
14.666666666666666 0.20792840809354102
14.694444444444445 0.20800816515018522
14.722222222222221 0.2080879243213053
14.75 0.2081676854732074
14.777777777777779 0.20824744847456106
14.805555555555555 0.20832721319634953
14.833333333333334 0.20840697951182224
14.86111111111111 0.20848674729644745
14.88888888888889 0.20856651642786617
14.916666666666666 0.20864628678584737
14.944444444444445 0.2087260582522436
14.972222222222221 0.20880583071094802
15.0 0.20888560404785197
15.027777777777779 0.2089653781508037
15.055555555555555 0.2090451529095681
15.083333333333334 0.2091249282157863
15.11111111111111 0.20920470396293778
15.13888888888889 0.2092844800463019
15.166666666666666 0.20936425636292064
15.194444444444445 0.20944403281156254
15.222222222222221 0.20952380929268669
15.25 0.20960358570840812
15.277777777777779 0.2096833619624636
15.305555555555555 0.20976313796017812
15.333333333333334 0.2098429136084322
15.36111111111111 0.20992268881562992
15.38888888888889 0.21000246349166737
15.416666666666666 0.2100822375479023
15.444444444444445 0.21016201089712383
15.472222222222221 0.21024178345352287
15.5 0.21032155513266373
15.527777777777779 0.2104013258514555
15.555555555555555 0.21048109552812483
15.583333333333334 0.2105608640821885
15.61111111111111 0.21064063143442724
15.63888888888889 0.21072039750686003
15.666666666666666 0.21080016222271822
15.694444444444445 0.2108799255064211
15.722222222222221 0.2109596872835514
15.75 0.21103944748083164
15.777777777777779 0.21111920602610074
15.805555555555555 0.21119896284829115
15.833333333333334 0.2112787178774068
15.86111111111111 0.21135847104450098
15.88888888888889 0.21143822228165518
15.916666666666666 0.2115179715219578
15.944444444444445 0.21159771869948396
15.972222222222221 0.21167746374927507
16.0 0.21175720660731973
16.02777777777778 0.2118369472105339
16.055555555555557 0.21191668549674259
16.083333333333332 0.21199642140466074
16.11111111111111 0.21207615487387585
16.13888888888889 0.21215588584482997
16.166666666666668 0.21223561425880202
16.194444444444443 0.21231534005789185
16.22222222222222 0.21239506318500267
16.25 0.212474783583825
16.27777777777778 0.21255450119882124
16.305555555555557 0.21263421597520957
16.333333333333332 0.21271392785894908
16.36111111111111 0.2127936367967243
16.38888888888889 0.2128733427359311
16.416666666666668 0.2129530456246622
16.444444444444443 0.21303274541169331
16.47222222222222 0.21311244204646887
16.5 0.21319213547908947
16.52777777777778 0.21327182566029784
16.555555555555557 0.2133515125414664
16.583333333333332 0.2134311960745846
16.61111111111111 0.21351087621224688
16.63888888888889 0.21359055290763956
16.666666666666668 0.2136702261145303
16.694444444444443 0.2137498957872558
16.72222222222222 0.2138295618807102
16.75 0.2139092243503345
16.77777777777778 0.21398888315210562
16.805555555555557 0.21406853824252547
16.833333333333332 0.21414818957861076
16.86111111111111 0.2142278371178825
16.88888888888889 0.2143074808183562
16.916666666666668 0.21438712063853213
16.944444444444443 0.2144667565373855
16.97222222222222 0.21454638847435728
17.0 0.21462601640934498
17.02777777777778 0.21470564030269343
17.055555555555557 0.2147852601151862
17.083333333333332 0.2148648758080368
17.11111111111111 0.2149444873428805
17.13888888888889 0.21502409468176545
17.166666666666668 0.21510369778714555
17.194444444444443 0.2151832966218712
17.22222222222222 0.21526289114918268
17.25 0.2153424813327023
17.27777777777778 0.21542206713642634
17.305555555555557 0.2155016485247182
17.333333333333332 0.21558122546230135
17.36111111111111 0.21566079791425205
17.38888888888889 0.21574036584599265
17.416666666666668 0.21581992922328513
17.444444444444443 0.2158994880122238
17.47222222222222 0.2159790421792294
17.5 0.21605859169104275
17.52777777777778 0.21613813651471872
17.555555555555557 0.21621767661761948
17.583333333333332 0.21629721196740959
17.61111111111111 0.2163767425320494
17.63888888888889 0.2164562682797898
17.666666666666668 0.2165357891791664
17.694444444444443 0.21661530519899402
17.72222222222222 0.21669481630836196
17.75 0.21677432247662806
17.77777777777778 0.2168538236734139
17.805555555555557 0.2169333198685998
17.833333333333332 0.21701281103231984
17.86111111111111 0.21709229713495704
17.88888888888889 0.21717177814713887
17.916666666666668 0.21725125403973242
17.944444444444443 0.21733072478383966
17.97222222222222 0.21741019035079362
18.0 0.2174896507121535
18.02777777777778 0.21756910583970093
18.055555555555557 0.21764855570543534
18.083333333333332 0.21772800028157
18.11111111111111 0.21780743954052853
18.13888888888889 0.21788687345494023
18.166666666666668 0.21796630199763692
18.194444444444443 0.2180457251416487
18.22222222222222 0.2181251428602006
18.25 0.2182045551267089
18.27777777777778 0.2182839619147777
18.305555555555557 0.21836336319819488
18.333333333333332 0.21844275895093007
18.36111111111111 0.21852214914712983
18.38888888888889 0.21860153376111527
18.416666666666668 0.2186809127673789
18.444444444444443 0.21876028614058118
18.47222222222222 0.21883965385554766
18.5 0.2189190158872659
18.52777777777778 0.2189983722108828
18.555555555555557 0.2190777228017014
18.583333333333332 0.21915706763517817
18.61111111111111 0.21923640668692082
18.63888888888889 0.2193157399326846
18.666666666666668 0.21939506734837066
18.694444444444443 0.21947438891002294
18.72222222222222 0.21955370459382545
18.75 0.21963301437610047
18.77777777777778 0.21971231823330556
18.805555555555557 0.21979161614203155
18.833333333333332 0.21987090807899987
18.86111111111111 0.2199501940210607
18.88888888888889 0.22002947394519032
18.916666666666668 0.22010874782848927
18.944444444444443 0.2201880156481799
18.97222222222222 0.22026727738160468
19.0 0.22034653300622367
19.02777777777778 0.22042578249961292
19.055555555555557 0.2205050258394622
19.083333333333332 0.22058426300357334
19.11111111111111 0.22066349396985838
19.13888888888889 0.2207427187163372
19.166666666666668 0.22082193722113608
19.194444444444443 0.22090114946248646
19.22222222222222 0.2209803554187219
19.25 0.2210595550682777
19.27777777777778 0.2211387483896885
19.305555555555557 0.22121793536158682
19.333333333333332 0.2212971159627014
19.36111111111111 0.2213762901718557
19.38888888888889 0.22145545796796634
19.416666666666668 0.22153461933004187
19.444444444444443 0.22161377423718073
19.47222222222222 0.22169292266857027
19.5 0.22177206460348517
19.52777777777778 0.22185120002128583
19.555555555555557 0.22193032890141776
19.583333333333332 0.22200945122340932
19.61111111111111 0.22208856696687104
19.63888888888889 0.2221676761114941
19.666666666666668 0.2222467786370491
19.694444444444443 0.22232587452338495
19.72222222222222 0.2224049637504276
19.75 0.22248404629817872
19.77777777777778 0.22256312214671467
19.805555555555557 0.22264219127618562
19.833333333333332 0.22272125366681395
19.86111111111111 0.22280030929889366
19.88888888888889 0.222879358152789
19.916666666666668 0.22295840020893343
19.944444444444443 0.22303743544782886
19.97222222222222 0.22311646385004433
20.0 0.22319548539621517
20.02777777777778 0.2232745000670422
20.055555555555557 0.22335350784329044
20.083333333333332 0.2234325087057887
20.11111111111111 0.22351150263542818
20.13888888888889 0.2235904896131619
20.166666666666668 0.22366946962000356
20.194444444444443 0.22374844263702712
20.22222222222222 0.2238274086453656
20.25 0.22390636762621002
20.27777777777778 0.22398531956080972
20.305555555555557 0.22406426443047037
20.333333333333332 0.2241432022165535
20.36111111111111 0.22422213290047643
20.38888888888889 0.2243010564637107
20.416666666666668 0.2243799728877816
20.444444444444443 0.22445888215426787
20.47222222222222 0.22453778424480028
20.5 0.22461667914106168
20.52777777777778 0.22469556682478597
20.555555555555557 0.2247744472777574
20.583333333333332 0.22485332048181006
20.61111111111111 0.2249321864188274
20.63888888888889 0.22501104507074118
20.666666666666668 0.22508989641953134
20.694444444444443 0.22516874044722526
20.72222222222222 0.225247577135897
20.75 0.22532640646766686
20.77777777777778 0.225405228424701
20.805555555555557 0.2254840429892108
20.833333333333332 0.22556285014345223
20.86111111111111 0.22564164986972515
20.88888888888889 0.22572044215037326
20.916666666666668 0.2257992269677835
20.944444444444443 0.22587800430438534
20.97222222222222 0.22595677414265034
21.0 0.2260355364650917
21.02777777777778 0.22611429125426408
21.055555555555557 0.22619303849276262
21.083333333333332 0.22627177816322314
21.11111111111111 0.22635051024832115
21.13888888888889 0.22642923473077173
21.166666666666668 0.22650795159332895
21.194444444444443 0.22658666081878553
21.22222222222222 0.22666536238997273
21.25 0.22674405628975924
21.27777777777778 0.22682274250105164
21.305555555555557 0.22690142100679353
21.333333333333332 0.226980091789965
21.36111111111111 0.22705875483358298
21.38888888888889 0.22713741012070016
21.416666666666668 0.2272160576344049
21.444444444444443 0.22729469735782112
21.47222222222222 0.22737332927410744
21.5 0.22745195336645765
21.52777777777778 0.22753056961809948
21.555555555555557 0.22760917801229477
21.583333333333332 0.2276877785323396
21.61111111111111 0.22776637116156276
21.63888888888889 0.22784495588332687
21.666666666666668 0.2279235326810272
21.694444444444443 0.22800210153809145
21.72222222222222 0.22808066243797986
21.75 0.22815921536418468
21.77777777777778 0.22823776030022982
21.805555555555557 0.22831629722967084
21.833333333333332 0.22839482613609444
21.86111111111111 0.2284733470031183
21.88888888888889 0.22855185981439116
21.916666666666668 0.22863036455359206
21.944444444444443 0.22870886120443024
21.97222222222222 0.22878734975064538
22.0 0.22886583017600648
22.02777777777778 0.22894430246431255
22.055555555555557 0.22902276659939189
22.083333333333332 0.22910122256510188
22.11111111111111 0.22917967034532885
22.13888888888889 0.2292581099239881
22.166666666666668 0.22933654128502343
22.194444444444443 0.22941496441240677
22.22222222222222 0.22949337929013852
22.25 0.22957178590224694
22.27777777777778 0.22965018423278788
22.305555555555557 0.22972857426584523
22.333333333333332 0.22980695598553003
22.36111111111111 0.22988532937598058
22.38888888888889 0.22996369442136239
22.416666666666668 0.2300420511058677
22.444444444444443 0.23012039941371584
22.47222222222222 0.23019873932915236
22.5 0.2302770708364493
22.52777777777778 0.23035539391990514
22.555555555555557 0.23043370856384449
22.583333333333332 0.23051201475261787
22.61111111111111 0.23059031247060147
22.63888888888889 0.23066860170219738
22.666666666666668 0.23074688243183317
22.694444444444443 0.2308251546439617
22.72222222222222 0.2309034183230612
22.75 0.23098167345363516
22.77777777777778 0.23105992002021183
22.805555555555557 0.23113815800734433
22.833333333333332 0.23121638739961078
22.86111111111111 0.23129460818161382
22.88888888888889 0.23137282033798037
22.916666666666668 0.231451023853362
22.944444444444443 0.23152921871243445
22.97222222222222 0.23160740489989767
23.0 0.23168558240047557
23.02777777777778 0.23176375119891598
23.055555555555557 0.23184191127999065
23.083333333333332 0.2319200626284949
23.11111111111111 0.23199820522924783
23.13888888888889 0.23207633906709196
23.166666666666668 0.23215446412689336
23.194444444444443 0.23223258039354103
23.22222222222222 0.23231068785194767
23.25 0.23238878648704883
23.27777777777778 0.23246687628380303
23.305555555555557 0.23254495722719198
23.333333333333332 0.23262302930222
23.36111111111111 0.2327010924939145
23.38888888888889 0.2327791467873252
23.416666666666668 0.23285719216752443
23.444444444444443 0.2329352286196073
23.47222222222222 0.23301325612869114
23.5 0.23309127467991575
23.52777777777778 0.23316928425844308
23.555555555555557 0.23324728484945745
23.583333333333332 0.23332527643816509
23.61111111111111 0.2334032590097943
23.63888888888889 0.2334812325495955
23.666666666666668 0.233559197042841
23.694444444444443 0.2336371524748248
23.72222222222222 0.23371509883086267
23.75 0.2337930360962921
23.77777777777778 0.23387096425647236
23.805555555555557 0.23394888329678426
23.833333333333332 0.23402679320262987
23.86111111111111 0.2341046939594328
23.88888888888889 0.23418258555263824
23.916666666666668 0.23426046796771227
23.944444444444443 0.23433834119014266
23.97222222222222 0.2344162052054382
24.0 0.23449405999912873
