0.0 1.0
0.1111111111111111 0.9130641124422707
0.2222222222222222 0.8642693092119264
0.3333333333333333 0.8242577271080831
0.4444444444444444 0.7866390043308993
0.5555555555555556 0.7499566706312643
0.6666666666666666 0.7141194907854468
0.7777777777777778 0.6793849074096042
0.8888888888888888 0.6460289156363445
1.0 0.6142522767484576
1.1111111111111112 0.5841707016460197
1.2222222222222223 0.5558306063591711
1.3333333333333333 0.5292287478962673
1.4444444444444444 0.5043288439087996
1.5555555555555556 0.481073883814694
1.6666666666666667 0.4593946708694373
1.7777777777777777 0.43921552756539745
1.8888888888888888 0.42045801028063967
2.0 0.4030432797516793
2.111111111111111 0.38689358546789615
2.2222222222222223 0.37193317566903455
2.3333333333333335 0.3580888398710399
2.4444444444444446 0.3452902189715038
2.5555555555555554 0.33346996983035065
2.6666666666666665 0.3225638394401599
2.7777777777777777 0.3125106830675761
2.888888888888889 0.3032524473786701
3.0 0.29473413106821156
3.111111111111111 0.28690373023193083
3.2222222222222223 0.27971217254250924
3.3333333333333335 0.2731132424726472
3.4444444444444446 0.26706349885445047
3.5555555555555554 0.261522185638834
3.6666666666666665 0.25645113659740615
3.7777777777777777 0.2518146747441021
3.888888888888889 0.24757950734962883
4.0 0.24371461752081228
4.111111111111111 0.2401911533875615
4.222222222222222 0.23698231596853211
4.333333333333333 0.23406324677042814
4.444444444444445 0.23141091611995143
4.555555555555555 0.22900401314004298
4.666666666666667 0.22682283817287563
4.777777777777778 0.2248491983304168
4.888888888888889 0.2230663067274723
5.0 0.22145868582855394
5.111111111111111 0.22001207522357547
5.222222222222222 0.21871334404157144
5.333333333333333 0.2175504081182582
5.444444444444445 0.2165121519531185
5.555555555555555 0.21558835542472188
5.666666666666667 0.214769625178567
5.777777777777778 0.2140473305587941
5.888888888888889 0.2134135439224358
6.0 0.21286098515110644
6.111111111111111 0.21238297015885296
6.222222222222222 0.21197336318503768
6.333333333333333 0.21162653265644976
6.444444444444445 0.21133731040230697
6.555555555555555 0.21110095400853213
6.666666666666667 0.21091311210288952
6.777777777777778 0.2107697923696107
6.888888888888889 0.21066733210049543
7.0 0.21060237109869845
7.111111111111111 0.21057182676117286
7.222222222222222 0.2105728711757438
7.333333333333333 0.2106029100788313
7.444444444444445 0.21065956352975695
7.555555555555555 0.21074064816723342
7.666666666666667 0.21084416092296693
7.777777777777778 0.21096826407622882
7.888888888888889 0.2111112715417455
8.0 0.21127163629128132
8.11111111111111 0.21144793881684837
8.222222222222221 0.21163887655056152
8.333333333333334 0.21184325416277872
8.444444444444445 0.21205997466633705
8.555555555555555 0.21228803126043533
8.666666666666666 0.21252649985303354
8.777777777777779 0.21277453220557202
8.88888888888889 0.21303134964837517
9.0 0.2132962373193092
9.11111111111111 0.21356853888215663
9.222222222222221 0.213847651684744
9.333333333333334 0.21413302232015952
9.444444444444445 0.2144241425574293
9.555555555555555 0.2147205456108114
9.666666666666666 0.21502180271942925
9.777777777777779 0.21532752001132033
9.88888888888889 0.21563733562813908
10.0 0.21595091708873498
10.11111111111111 0.21626795887164932
10.222222222222221 0.2165881801982413
10.333333333333334 0.21691132299968652
10.444444444444445 0.21723715005249467
10.555555555555555 0.21756544326847835
10.666666666666666 0.21789600212628515
10.777777777777779 0.21822864223268534
10.88888888888889 0.2185631940027969
11.0 0.21889950144933637
11.11111111111111 0.21923742107181657
11.222222222222221 0.21957682083737046
11.333333333333334 0.21991757924557925
11.444444444444445 0.22025958447032212
11.555555555555555 0.22060273357224613
11.666666666666666 0.22094693177599556
11.777777777777779 0.2212920918068265
11.88888888888889 0.22163813328168203
12.0 0.22198498215021864
12.11111111111111 0.22233257018164576
12.222222222222221 0.22268083449359077
12.333333333333334 0.22302971711951372
12.444444444444445 0.2233791646114899
12.555555555555555 0.2237291276754386
12.666666666666666 0.22407956083612507
12.777777777777779 0.22443042212948042
12.88888888888889 0.2247816728199915
13.0 0.22513327714109746
13.11111111111111 0.22548520205670336
13.222222222222221 0.2258374170420747
13.333333333333334 0.226189893882524
13.444444444444445 0.22654260648843047
13.555555555555555 0.22689553072525298
13.666666666666666 0.22724864425731256
13.777777777777779 0.22760192640421434
13.88888888888889 0.22795535800887995
14.0 0.2283089213162388
14.11111111111111 0.2286625998617121
14.222222222222221 0.22901637836868957
14.333333333333334 0.22937024265426614
14.444444444444445 0.22972417954256913
14.555555555555555 0.23007817678505524
14.666666666666666 0.23043222298721455
14.777777777777779 0.23078630754115967
14.88888888888889 0.23114042056362333
15.0 0.2314945528389265
15.11111111111111 0.23184869576651415
15.222222222222221 0.23220284131268992
15.333333333333334 0.23255698196621
15.444444444444445 0.2329111106974246
15.555555555555555 0.23326522092068097
15.666666666666666 0.23361930645972506
15.777777777777779 0.23397336151586054
15.88888888888889 0.23432738063864278
16.0 0.2346813586989045
16.11111111111111 0.2350352908639256
16.22222222222222 0.23538917257457567
16.333333333333332 0.23574299952426897
16.444444444444443 0.23609676763958984
16.555555555555557 0.2364504730624517
16.666666666666668 0.23680411213366934
16.77777777777778 0.23715768137783003
16.88888888888889 0.2375111774893604
17.0 0.23786459731969362
17.11111111111111 0.2382179378654487
17.22222222222222 0.23857119625754233
17.333333333333332 0.23892436975115766
17.444444444444443 0.23927745571650297
17.555555555555557 0.23963045163029723
17.666666666666668 0.23998335506792418
17.77777777777778 0.24033616369620242
17.88888888888889 0.24068887526672345
18.0 0.24104148760971061
18.11111111111111 0.24139399862835986
18.22222222222222 0.2417464062936231
18.333333333333332 0.24209870863939903
18.444444444444443 0.24245090375810047
18.555555555555557 0.24280298979656628
18.666666666666668 0.2431549649522938
18.77777777777778 0.24350682746996305
18.88888888888889 0.24385857563823296
19.0 0.24421020778678587
19.11111111111111 0.24456172228360198
19.22222222222222 0.2449131175324452
19.333333333333332 0.24526439197054464
19.444444444444443 0.2456155440664548
19.555555555555557 0.245966572318082
19.666666666666668 0.2463174752508633
19.77777777777778 0.2466682514160864
19.88888888888889 0.24701889938933835
20.0 0.2473694177690746
20.11111111111111 0.2477198051752984
20.22222222222222 0.24807006024834127
20.333333333333332 0.24842018164773702
20.444444444444443 0.2487701680511827
20.555555555555557 0.2491200181535792
20.666666666666668 0.2494697306661446
20.77777777777778 0.24981930431559612
20.88888888888889 0.2501687378433939
21.0 0.25051803000504264
21.11111111111111 0.2508671795694462
21.22222222222222 0.2512161853183118
21.333333333333332 0.2515650460455986
21.444444444444443 0.2519137605570084
21.555555555555557 0.252262327669515
21.666666666666668 0.25261074621092844
21.77777777777778 0.25295901501949275
21.88888888888889 0.2533071329435131
22.0 0.25365509884101173
22.11111111111111 0.2540029115794084
22.22222222222222 0.25435057003522593
22.333333333333332 0.2546980730938165
22.444444444444443 0.25504541964910843
22.555555555555557 0.2553926086033723
22.666666666666668 0.25573963886700324
22.77777777777778 0.2560865093583195
22.88888888888889 0.2564332190033764
23.0 0.2567797667357919
23.11111111111111 0.257126151496587
23.22222222222222 0.25747237223403585
23.333333333333332 0.25781842790352694
23.444444444444443 0.25816431746743473
23.555555555555557 0.25851003989499954
23.666666666666668 0.25885559416221626
23.77777777777778 0.25920097925172986
23.88888888888889 0.2595461941527399
24.0 0.259891237860909
