0.0 1.0
0.027777777777777776 0.9593359792791737
0.05555555555555555 0.9334402866473482
0.08333333333333333 0.9145136950642746
0.1111111111111111 0.8993402187944072
0.1388888888888889 0.8863790585872399
0.16666666666666666 0.8747979122026339
0.19444444444444445 0.864099732227388
0.2222222222222222 0.8539653542688851
0.25 0.8441811726184381
0.2777777777777778 0.8346023225397688
0.3055555555555556 0.8251315957452026
0.3333333333333333 0.8157059142064996
0.3611111111111111 0.806286873776115
0.3888888888888889 0.7968537929604091
0.4166666666666667 0.787398495417896
0.4444444444444444 0.7779213854171475
0.4722222222222222 0.7684285207374861
0.5 0.7589294607345501
0.5277777777777778 0.7494357130445722
0.5555555555555556 0.7399596369247716
0.5833333333333334 0.7305136898289303
0.6111111111111112 0.7211099279896872
0.6388888888888888 0.7117596919505634
0.6666666666666666 0.7024734244524464
0.6944444444444444 0.693260581209547
0.7222222222222222 0.6841296053715803
0.75 0.6750879443490665
0.7777777777777778 0.6661420936398843
0.8055555555555556 0.6572976567470599
0.8333333333333334 0.6485594135644481
0.8611111111111112 0.639931392007945
0.8888888888888888 0.6314169394050989
0.9166666666666666 0.6230187913982783
0.9444444444444444 0.6147391369934729
0.9722222222222222 0.606579678999455
1.0 0.5985416895214305
1.0277777777777777 0.590626060454683
1.0555555555555556 0.5828333491067902
1.0833333333333333 0.5751638191900365
1.1111111111111112 0.5676174774910075
1.1388888888888888 0.560194106555669
1.1666666666666667 0.5528932937376543
1.1944444444444444 0.5457144569520114
1.2222222222222223 0.5386568674620222
1.25 0.5317196700063921
1.2777777777777777 0.5249019005512805
1.3055555555555556 0.5182025019276191
1.3333333333333333 0.5116203375901033
1.3611111111111112 0.5051542037112645
1.3888888888888888 0.49880283980216666
1.4166666666666667 0.49256493803119666
1.4444444444444444 0.4864391513936051
1.4722222222222223 0.48042410086773296
1.5 0.4745183816786055
1.5277777777777777 0.4687205687754968
1.5555555555555556 0.46302922161828747
1.5833333333333333 0.4574428883559041
1.6111111111111112 0.45196010947078086
1.6388888888888888 0.446579420954279
1.6666666666666667 0.4412993570705002
1.6944444444444444 0.43611845275902467
1.7222222222222223 0.4310352457210207
1.75 0.4260482782279942
1.7777777777777777 0.4211560986874952
1.8055555555555556 0.4163572629962295
1.8333333333333333 0.41165033570711407
1.8611111111111112 0.4070338910337242
1.8888888888888888 0.4025065137126496
1.9166666666666667 0.3980667997418718
1.9444444444444444 0.3937133570109354
1.9722222222222223 0.38944480583682345
2.0 0.385259779417735
2.0277777777777777 0.38115692421538766
2.0555555555555554 0.3771349002752216
2.0833333333333335 0.3731923814926402
2.111111111111111 0.3693280558324632
2.138888888888889 0.3655406255077949
2.1666666666666665 0.361828807123738
2.1944444444444446 0.3581913317907301
2.2222222222222223 0.35462694521161264
2.25 0.3511344077459601
2.2777777777777777 0.3477124944548796
2.3055555555555554 0.34435999512885934
2.3333333333333335 0.3410757143010712
2.361111111111111 0.3378584712480955
2.388888888888889 0.33470709997979464
2.4166666666666665 0.33162044921983
2.4444444444444446 0.3285973823780317
2.4722222222222223 0.3256367775157842
2.5 0.32273752730524496
2.5277777777777777 0.3198985389832443
2.5555555555555554 0.31711873430044435
2.5833333333333335 0.3143970494663703
2.611111111111111 0.3117324350906868
2.638888888888889 0.3091238561211492
2.6666666666666665 0.3065702917785096
2.6944444444444446 0.30407073548858776
2.7222222222222223 0.30162419481177066
2.75 0.299229691370033
2.7777777777777777 0.2968862607716451
2.8055555555555554 0.2945929525336148
2.8333333333333335 0.2923488300019689
2.861111111111111 0.29015297026990766
2.888888888888889 0.2880044640938682
2.9166666666666665 0.2859024158075374
2.9444444444444446 0.28384594323378787
2.9722222222222223 0.28183417759461754
3.0 0.2798662634190235
3.0277777777777777 0.277941358448886
3.0555555555555554 0.2760586335427981
3.0833333333333335 0.27421727257792683
3.111111111111111 0.2724164723498387
3.138888888888889 0.27065544247037215
3.1666666666666665 0.26893340526350806
3.1944444444444446 0.2672495956593094
3.2222222222222223 0.2656032610859447
3.25 0.2639936613597972
3.2777777777777777 0.2624200685737479
3.3055555555555554 0.2608817669836149
3.3333333333333335 0.2593780528928467
3.361111111111111 0.25790823453549483
3.388888888888889 0.25647163195751344
3.4166666666666665 0.255067576896477
3.4444444444444446 0.25369541265975726
3.4722222222222223 0.25235449400123655
3.5 0.25104418699662745
3.5277777777777777 0.24976386891747257
3.5555555555555554 0.24851292810392914
3.5833333333333335 0.24729076383637516
3.611111111111111 0.246096786205969
3.638888888888889 0.24493041598420967
3.6666666666666665 0.24379108449160133
3.6944444444444446 0.24267823346553882
3.7222222222222223 0.2415913149274433
3.75 0.240529791049319
3.7777777777777777 0.2394931340197053
3.8055555555555554 0.23848082590927552
3.8333333333333335 0.23749235853600942
3.861111111111111 0.23652723333014974
3.888888888888889 0.2355849611989543
3.9166666666666665 0.23466506239138957
3.9444444444444446 0.23376706636281577
3.9722222222222223 0.2328905116397386
4.0 0.2320349456847667
4.027777777777778 0.23119992476177412
4.055555555555555 0.23038501380144005
4.083333333333333 0.22958978626714538
4.111111111111111 0.22881382402138584
4.138888888888889 0.22805671719271536
4.166666666666667 0.22731806404330954
4.194444444444445 0.2265974708372292
4.222222222222222 0.22589455170941983
4.25 0.2252089285355338
4.277777777777778 0.2245402308026039
4.305555555555555 0.22388809548066624
4.333333333333333 0.2232521668953449
4.361111111111111 0.22263209660146288
4.388888888888889 0.2220275432577376
4.416666666666667 0.2214381725025861
4.444444444444445 0.22086365683110326
4.472222222222222 0.22030367547321525
4.5 0.2197579142730973
4.527777777777778 0.21922606556984048
4.555555555555555 0.2187078280794263
4.583333333333333 0.2182029067780261
4.611111111111111 0.217711012786659
4.638888888888889 0.21723186325721958
4.666666666666667 0.21676518125992014
4.694444444444445 0.21631069567213104
4.722222222222222 0.21586814106867422
4.75 0.2154372576135529
4.777777777777778 0.21501779095315138
4.805555555555555 0.21460949211090805
4.833333333333333 0.21421211738346402
4.861111111111111 0.2138254282383123
4.888888888888889 0.21344919121292738
4.916666666666667 0.21308317781540476
4.944444444444445 0.21272716442659406
4.972222222222222 0.2123809322037391
5.0 0.21204426698561427
5.027777777777778 0.21171695919915445
5.055555555555555 0.21139880376759373
5.083333333333333 0.21108960002007748
5.111111111111111 0.2107891516027718
5.138888888888889 0.21049726639144356
5.166666666666667 0.21021375640552337
5.194444444444445 0.2099384377236004
5.222222222222222 0.20967113040040117
5.25 0.20941165838519152
5.277777777777778 0.20915984944161073
5.305555555555555 0.2089155350689338
5.333333333333333 0.20867855042471845
5.361111111111111 0.20844873424886348
5.388888888888889 0.20822592878903795
5.416666666666667 0.20800997972747343
5.444444444444445 0.2078007361091016
5.472222222222222 0.20759805027104627
5.5 0.20740177777339977
5.527777777777778 0.2072117773313333
5.555555555555555 0.20702791074847415
5.583333333333333 0.20685004285156433
5.611111111111111 0.20667804142636942
5.638888888888889 0.20651177715481706
5.666666666666667 0.20635112355336216
5.694444444444445 0.2061959569125511
5.722222222222222 0.20604615623777237
5.75 0.2059016031911712
5.777777777777778 0.20576218203472027
5.805555555555555 0.20562777957441067
5.833333333333333 0.20549828510557056
5.861111111111111 0.20537359035926794
5.888888888888889 0.2052535894498073
5.916666666666667 0.2051381788232729
5.944444444444445 0.2050272572071271
5.972222222222222 0.2049207255608352
6.0 0.2048184870274829
6.027777777777778 0.2047204468864154
6.055555555555555 0.20462651250682584
6.083333333333333 0.20453659330231017
6.111111111111111 0.20445060068636792
6.138888888888889 0.2043684480288257
6.166666666666667 0.20429005061315567
6.194444444444445 0.20421532559470987
6.222222222222222 0.20414419195980044
6.25 0.2040765704856659
6.277777777777778 0.2040123837012587
6.305555555555555 0.20395155584886998
6.333333333333333 0.20389401284656777
6.361111111111111 0.20383968225142263
6.388888888888889 0.20378849322352513
6.416666666666667 0.2037403764907574
6.444444444444445 0.20369526431431983
6.472222222222222 0.20365309045500393
6.5 0.20361379014016937
6.527777777777778 0.20357730003144034
6.555555555555555 0.20354355819309722
6.583333333333333 0.20351250406113694
6.611111111111111 0.20348407841301458
6.638888888888889 0.20345822333802197
6.666666666666667 0.20343488220832312
6.694444444444445 0.20341399965059456
6.722222222222222 0.20339552151830728
6.75 0.2033793948645915
6.777777777777778 0.20336556791568994
6.805555555555555 0.20335399004499566
6.833333333333333 0.20334461174766225
6.861111111111111 0.20333738461574483
6.888888888888889 0.20333226131390653
6.916666666666667 0.20332919555564366
6.944444444444445 0.20332814208003386
6.972222222222222 0.20332905662899392
7.0 0.20333189592503467
7.027777777777778 0.20333661764950064
7.055555555555555 0.2033431804212953
7.083333333333333 0.203351543776069
7.111111111111111 0.203361668145857
7.138888888888889 0.20337351483918714
7.166666666666667 0.20338704602159752
7.194444444444445 0.20340222469660663
7.222222222222222 0.2034190146870846
7.25 0.20343738061705768
7.277777777777778 0.2034572878938903
7.305555555555555 0.20347870269087867
7.333333333333333 0.20350159193021672
7.361111111111111 0.2035259232663499
7.388888888888889 0.20355166506969077
7.416666666666667 0.2035787864106953
7.444444444444445 0.20360725704429164
7.472222222222222 0.20363704739466004
7.5 0.20366812854033833
7.527777777777778 0.2037004721996757
7.555555555555555 0.20373405071658868
7.583333333333333 0.20376883704664764
7.611111111111111 0.20380480474346607
7.638888888888889 0.20384192794539852
7.666666666666667 0.2038801813625257
7.694444444444445 0.20391954026393566
7.722222222222222 0.20395998046528346
7.75 0.20400147831662646
7.777777777777778 0.20404401069054326
7.805555555555555 0.20408755497049785
7.833333333333333 0.20413208903947205
7.861111111111111 0.2041775912688594
7.888888888888889 0.20422404050759005
7.916666666666667 0.20427141607150937
7.944444444444445 0.20431969773298855
7.972222222222222 0.2043688657107713
8.0 0.2044189006600405
8.027777777777779 0.20446978366271273
8.055555555555555 0.204521496217942
8.083333333333334 0.2045740202328421
8.11111111111111 0.20462733801341676
8.13888888888889 0.20468143225568144
8.166666666666666 0.20473628603699326
8.194444444444445 0.20479188280757676
8.222222222222221 0.20484820638222426
8.25 0.2049052409322015
8.277777777777779 0.20496297097731064
8.305555555555555 0.20502138137815698
8.333333333333334 0.20508045732856095
8.36111111111111 0.20514018434816692
8.38888888888889 0.20520054827519085
8.416666666666666 0.2052615352593491
8.444444444444445 0.20532313175493525
8.472222222222221 0.20538532451405608
8.5 0.20544810058001753
8.527777777777779 0.2055114472808553
8.555555555555555 0.2055753522230122
8.583333333333334 0.20563980328516243
8.61111111111111 0.2057047886121626
8.63888888888889 0.20577029660914528
8.666666666666666 0.20583631593574245
8.694444444444445 0.20590283550043662
8.722222222222221 0.20596984445504463
8.75 0.20603733218931616
8.777777777777779 0.20610528832565334
8.805555555555555 0.20617370271395768
8.833333333333334 0.20624256542657743
8.86111111111111 0.20631186675338672
8.88888888888889 0.2063815971969542
8.916666666666666 0.20645174746783257
8.944444444444445 0.20652230847995037
8.972222222222221 0.20659327134610692
9.0 0.20666462737356178
9.027777777777779 0.2067363680597353
9.055555555555555 0.20680848508798622
9.083333333333334 0.2068809703235121
9.11111111111111 0.20695381580930555
9.13888888888889 0.20702701376223073
9.166666666666666 0.20710055656917284
9.194444444444445 0.2071744367832731
9.222222222222221 0.20724864712025648
9.25 0.20732318045483009
9.277777777777779 0.2073980298171731
9.305555555555555 0.2074731883894939
9.333333333333334 0.207548649502673
9.36111111111111 0.20762440663297224
9.38888888888889 0.2077004533988364
9.416666666666666 0.20777678355773316
9.444444444444445 0.20785339100309114
9.472222222222221 0.20793026976130344
9.5 0.208007413988779
9.527777777777779 0.20808481796908035
9.555555555555555 0.20816247611011607
9.583333333333334 0.2082403829414013
9.61111111111111 0.2083185331113629
9.63888888888889 0.2083969213847279
9.666666666666666 0.2084755426399507
9.694444444444445 0.20855439186671487
9.722222222222221 0.20863346416346873
9.75 0.2087127547350407
9.777777777777779 0.2087922588902854
9.805555555555555 0.2088719720397965
9.833333333333334 0.20895188969366585
9.86111111111111 0.20903200745929051
9.88888888888889 0.20911232103923458
9.916666666666666 0.20919282622912358
9.944444444444445 0.20927351891561133
9.972222222222221 0.2093543950743663
10.0 0.20943545076811937
10.027777777777779 0.2095166821447426
10.055555555555555 0.20959808543537958
10.083333333333334 0.20967965695261936
10.11111111111111 0.20976139308870373
10.13888888888889 0.2098432903137733
10.166666666666666 0.20992534517415848
10.194444444444445 0.2100075542907082
10.222222222222221 0.2100899143571508
10.25 0.21017242213849607
10.277777777777779 0.2102550744694621
10.305555555555555 0.21033786825296183
10.333333333333334 0.21042080045859127
10.36111111111111 0.2105038681211765
10.38888888888889 0.21058706833933655
10.416666666666666 0.21067039827408832
10.444444444444445 0.2107538551474808
10.472222222222221 0.21083743624124954
10.5 0.21092113889551853
10.527777777777779 0.21100496050751458
10.555555555555555 0.21108889853031879
10.583333333333334 0.211172950471642
10.61111111111111 0.2112571138926328
10.63888888888889 0.21134138640670533
10.666666666666666 0.2114257656783943
10.694444444444445 0.21151024942223856
10.722222222222221 0.21159483540168728
10.75 0.21167952142802787
10.777777777777779 0.21176430535934712
10.805555555555555 0.21184918509950076
10.833333333333334 0.21193415859711726
10.86111111111111 0.212019223844618
10.88888888888889 0.21210437887726186
10.916666666666666 0.21218962177220854
10.944444444444445 0.21227495064760835
10.972222222222221 0.21236036366170097
11.0 0.21244585901194565
11.027777777777779 0.21253143493416116
11.055555555555555 0.21261708970169663
11.083333333333334 0.2127028216246025
11.11111111111111 0.2127886290488404
11.13888888888889 0.2128745103554958
11.166666666666666 0.21296046396001195
11.194444444444445 0.21304648831144712
11.222222222222221 0.2131325818917322
11.25 0.21321874321496556
11.277777777777779 0.21330497082670657
11.305555555555555 0.21339126330329242
11.333333333333334 0.21347761925117
11.36111111111111 0.21356403730623721
11.38888888888889 0.21365051613320674
11.416666666666666 0.21373705442497853
11.444444444444445 0.21382365090202357
11.472222222222221 0.21391030431179245
11.5 0.2139970134281171
11.527777777777779 0.2140837770506517
11.555555555555555 0.2141705940043024
11.583333333333334 0.214257463138681
11.61111111111111 0.21434438332757066
11.63888888888889 0.21443135346839892
11.666666666666666 0.2145183724817278
11.694444444444445 0.21460543931075154
11.722222222222221 0.21469255292080336
11.75 0.214779712298876
11.777777777777779 0.21486691645315645
11.805555555555555 0.21495416441255935
11.833333333333334 0.21504145522628607
11.86111111111111 0.21512878796337792
11.88888888888889 0.2152161617122944
11.916666666666666 0.21530357558048357
11.944444444444445 0.2153910286939837
11.972222222222221 0.21547852019700475
12.0 0.21556604925155126
12.027777777777779 0.2156536150370281
12.055555555555555 0.21574121674986713
12.083333333333334 0.21582885360316031
12.11111111111111 0.21591652482629492
12.13888888888889 0.21600422966460955
12.166666666666666 0.21609196737904052
12.194444444444445 0.2161797372457912
12.222222222222221 0.21626753855600414
12.25 0.21635537061543117
12.277777777777779 0.21644323274412622
12.305555555555555 0.2165311242761312
12.333333333333334 0.21661904455917566
12.36111111111111 0.2167069929543864
12.38888888888889 0.21679496883599014
12.416666666666666 0.21688297159103936
12.444444444444445 0.2169710006191338
12.472222222222221 0.21705905533214234
12.5 0.21714713515395495
12.527777777777779 0.2172352395202105
12.555555555555555 0.21732336787804626
12.583333333333334 0.21741151968585634
12.61111111111111 0.2174996944130423
12.63888888888889 0.21758789153978444
12.666666666666666 0.21767611055680347
12.694444444444445 0.2177643509651358
12.722222222222221 0.21785261227591088
12.75 0.21794089401013897
12.777777777777779 0.21802919569849652
12.805555555555555 0.21811751688111786
12.833333333333334 0.21820585710738882
12.86111111111111 0.2182942159357581
12.88888888888889 0.21838259293353093
12.916666666666666 0.21847098767669304
12.944444444444445 0.21855939974970878
12.972222222222221 0.2186478287453516
13.0 0.2187362742645205
13.027777777777779 0.21882473591607063
13.055555555555555 0.21891321331663174
13.083333333333334 0.2190017060904605
13.11111111111111 0.21909021386925837
13.13888888888889 0.2191787362920233
13.166666666666666 0.21926727300489351
13.194444444444445 0.21935582366098727
13.222222222222221 0.21944438792026186
13.25 0.21953296544936554
13.277777777777779 0.21962155592149085
13.305555555555555 0.21971015901623844
13.333333333333334 0.21979877441947973
13.36111111111111 0.21988740182322136
13.38888888888889 0.21997604092547962
13.416666666666666 0.22006469143014093
13.444444444444445 0.2201533530468493
13.472222222222221 0.2202420254908776
13.5 0.22033070848300831
13.527777777777779 0.22041940174941493
13.555555555555555 0.22050810502154963
13.583333333333334 0.22059681803602976
13.61111111111111 0.22068554053452846
13.63888888888889 0.22077427226366297
13.666666666666666 0.22086301297489752
13.694444444444445 0.22095176242443623
13.722222222222221 0.22104052037311275
13.75 0.22112928658631167
13.777777777777779 0.2212180608338586
13.805555555555555 0.2213068428899228
13.833333333333334 0.2213956325329387
13.86111111111111 0.221484429545503
13.88888888888889 0.2215732337142895
13.916666666666666 0.22166204482996846
13.944444444444445 0.2217508626871134
13.972222222222221 0.2218396870841202
14.0 0.22192851782313683
14.027777777777779 0.2220173547099664
14.055555555555555 0.22210619755400404
14.083333333333334 0.2221950461681533
14.11111111111111 0.2222839003687533
14.13888888888889 0.2223727599755098
14.166666666666666 0.22246162481141699
14.194444444444445 0.2225504947026981
14.222222222222221 0.22263936947872415
14.25 0.2227282489719581
14.277777777777779 0.22281713301788766
14.305555555555555 0.22290602145495747
14.333333333333334 0.22299491412451203
14.36111111111111 0.22308381087072818
14.38888888888889 0.22317271154055904
14.416666666666666 0.22326161598367922
14.444444444444445 0.2233505240524172
14.472222222222221 0.22343943560171314
14.5 0.22352835048905312
14.527777777777779 0.22361726857441533
14.555555555555555 0.22370618972022638
14.583333333333334 0.22379511379130576
14.61111111111111 0.22388404065481335
14.63888888888889 0.22397297018019977
14.666666666666666 0.22406190223915942
14.694444444444445 0.22415083670559158
14.722222222222221 0.2242397734555382
14.75 0.2243287123671508
14.777777777777779 0.2244176533206449
14.805555555555555 0.22450659619824914
14.833333333333334 0.22459554088417596
14.86111111111111 0.2246844872645698
14.88888888888889 0.22477343522746887
14.916666666666666 0.2248623846627652
14.944444444444445 0.22495133546217075
14.972222222222221 0.2250402875191751
15.0 0.22512924072901042
15.027777777777779 0.22521819498860735
15.055555555555555 0.22530715019657652
15.083333333333334 0.22539610625315246
15.11111111111111 0.22548506306017632
15.13888888888889 0.22557402052105416
15.166666666666666 0.22566297854073247
15.194444444444445 0.22575193702565027
15.222222222222221 0.22584089588372197
15.25 0.2259298550243089
15.277777777777779 0.2260188143581739
15.305555555555555 0.2261077737974694
15.333333333333334 0.22619673325569453
15.36111111111111 0.2262856926476768
15.38888888888889 0.2263746518895403
15.416666666666666 0.22646361089867792
15.444444444444445 0.22655256959372957
15.472222222222221 0.22664152789455289
15.5 0.22673048572219584
15.527777777777779 0.22681944299887918
15.555555555555555 0.22690839964796639
15.583333333333334 0.22699735559393966
15.61111111111111 0.2270863107623824
15.63888888888889 0.22717526507995126
15.666666666666666 0.22726421847435796
15.694444444444445 0.22735317087434145
15.722222222222221 0.22744212220964946
15.75 0.2275310724110284
15.777777777777779 0.22762002141018303
15.805555555555555 0.22770896913977495
15.833333333333334 0.2277979155333877
15.86111111111111 0.2278868605255241
15.88888888888889 0.22797580405157003
15.916666666666666 0.22806474604779067
15.944444444444445 0.2281536864513054
15.972222222222221 0.2282426252000719
16.0 0.22833156223286852
16.02777777777778 0.22842049748927812
16.055555555555557 0.22850943090967082
16.083333333333332 0.22859836243518725
16.11111111111111 0.22868729200772928
16.13888888888889 0.2287762195699327
16.166666666666668 0.2288651450651674
16.194444444444443 0.2289540684375043
16.22222222222222 0.2290429896317168
16.25 0.22913190859326182
16.27777777777778 0.22922082526825904
16.305555555555557 0.22930973960348844
16.333333333333332 0.229398651546372
16.36111111111111 0.2294875610449551
16.38888888888889 0.22957646804790344
16.416666666666668 0.22966537250448382
16.444444444444443 0.22975427436455842
16.47222222222222 0.2298431735785658
16.5 0.22993207009751376
16.52777777777778 0.23002096387296397
16.555555555555557 0.2301098548570253
16.583333333333332 0.23019874300234452
16.61111111111111 0.2302876282620876
16.63888888888889 0.23037651058993078
16.666666666666668 0.23046538994006183
16.694444444444443 0.23055426626715408
16.72222222222222 0.23064313952636978
16.75 0.23073200967333768
16.77777777777778 0.23082087666416023
16.805555555555557 0.23090974045538512
16.833333333333332 0.23099860100400885
16.86111111111111 0.23108745826746752
16.88888888888889 0.23117631220362178
16.916666666666668 0.23126516277075593
16.944444444444443 0.23135400992756475
16.97222222222222 0.2314428536331409
17.0 0.23153169384698147
17.02777777777778 0.23162053052896636
17.055555555555557 0.2317093636393569
17.083333333333332 0.23179819313878278
17.11111111111111 0.23188701898824463
17.13888888888889 0.23197584114910072
17.166666666666668 0.23206465958305922
17.194444444444443 0.23215347425217134
17.22222222222222 0.23224228511882283
17.25 0.23233109214574185
17.27777777777778 0.23241989529596846
17.305555555555557 0.23250869453286854
17.333333333333332 0.2325974898201172
17.36111111111111 0.23268628112169717
17.38888888888889 0.23277506840189452
17.416666666666668 0.23286385162528073
17.444444444444443 0.23295263075672537
17.47222222222222 0.23304140576137258
17.5 0.23313017660465574
17.52777777777778 0.23321894325226997
17.555555555555557 0.23330770567018305
17.583333333333332 0.23339646382462526
17.61111111111111 0.23348521768208264
17.63888888888889 0.23357396720929416
17.666666666666668 0.23366271237324443
17.694444444444443 0.23375145314116166
17.72222222222222 0.23384018948051685
17.75 0.2339289213590127
17.77777777777778 0.2340176487445754
17.805555555555557 0.23410637160536527
17.833333333333332 0.2341950899097572
17.86111111111111 0.2342838036263448
17.88888888888889 0.23437251272393686
17.916666666666668 0.23446121717154728
17.944444444444443 0.2345499169383966
17.97222222222222 0.23463861199391103
18.0 0.23472730230770245
18.02777777777778 0.2348159878495913
18.055555555555557 0.23490466858957498
18.083333333333332 0.23499334449784573
18.11111111111111 0.23508201554477987
18.13888888888889 0.23517068170092892
18.166666666666668 0.23525934293702794
18.194444444444443 0.2353479992239772
18.22222222222222 0.2354366505328525
18.25 0.23552529683489726
18.27777777777778 0.23561393810151723
18.305555555555557 0.23570257430427632
18.333333333333332 0.23579120541491042
18.36111111111111 0.23587983140529903
18.38888888888889 0.23596845224747443
18.416666666666668 0.23605706791362302
18.444444444444443 0.23614567837608016
18.47222222222222 0.23623428360732562
18.5 0.2363228835799812
18.52777777777778 0.23641147826680964
18.555555555555557 0.23650006764070322
18.583333333333332 0.23658865167470208
18.61111111111111 0.23667723034196925
18.63888888888889 0.23676580361580477
18.666666666666668 0.23685437146963909
18.694444444444443 0.23694293387701834
18.72222222222222 0.23703149081162245
18.75 0.2371200422472484
18.77777777777778 0.23720858815781098
18.805555555555557 0.23729712851735071
18.833333333333332 0.23738566330001767
18.86111111111111 0.237474192480085
18.88888888888889 0.2375627160319206
18.916666666666668 0.23765123393002074
18.944444444444443 0.23773974614897897
18.97222222222222 0.23782825266349794
19.0 0.23791675344838945
19.02777777777778 0.2380052484785585
19.055555555555557 0.23809373772902187
19.083333333333332 0.23818222117489457
19.11111111111111 0.2382706987913853
19.13888888888889 0.2383591705538055
19.166666666666668 0.2384476364375524
19.194444444444443 0.23853609641813026
19.22222222222222 0.23862455047112074
19.25 0.23871299857220965
19.27777777777778 0.23880144069716341
19.305555555555557 0.23888987682183926
19.333333333333332 0.23897830692218427
19.36111111111111 0.23906673097422396
19.38888888888889 0.23915514895407522
19.416666666666668 0.23924356083792972
19.444444444444443 0.23933196660206524
19.47222222222222 0.23942036622284316
19.5 0.23950875967669905
19.52777777777778 0.23959714694014933
19.555555555555557 0.23968552798977796
19.583333333333332 0.2397739028022599
19.61111111111111 0.23986227135433572
19.63888888888889 0.23995063362281885
19.666666666666668 0.24003898958459569
19.694444444444443 0.2401273392166311
19.72222222222222 0.24021568249595054
19.75 0.24030401939965365
19.77777777777778 0.24039234990490424
19.805555555555557 0.24048067398894032
19.833333333333332 0.24056899162906067
19.86111111111111 0.24065730280263492
19.88888888888889 0.240745607487093
19.916666666666668 0.24083390565993282
19.944444444444443 0.2409221972987105
19.97222222222222 0.2410104823810476
20.0 0.24109876088462198
20.02777777777778 0.24118703278718245
20.055555555555557 0.241275298066526
20.083333333333332 0.2413635567005184
20.11111111111111 0.24145180866707636
20.13888888888889 0.24154005394418024
20.166666666666668 0.24162829250985982
20.194444444444443 0.24171652434220983
20.22222222222222 0.24180474941936836
20.25 0.24189296771954044
20.27777777777778 0.2419811792209773
20.305555555555557 0.24206938390198907
20.333333333333332 0.24215758174093205
20.36111111111111 0.24224577271621817
20.38888888888889 0.24233395680631692
20.416666666666668 0.24242213398973883
20.444444444444443 0.2425103042450459
20.47222222222222 0.24259846755085304
20.5 0.24268662388582993
20.52777777777778 0.24277477322868474
20.555555555555557 0.24286291555817457
20.583333333333332 0.24295105085311258
20.61111111111111 0.24303917909234898
20.63888888888889 0.24312730025479196
20.666666666666668 0.2432154143193821
20.694444444444443 0.2433035212651141
20.72222222222222 0.2433916210710253
20.75 0.24347971371619623
20.77777777777778 0.24356779917975838
20.805555555555557 0.2436558774408774
20.833333333333332 0.24374394847876585
20.86111111111111 0.24383201227268528
20.88888888888889 0.24392006880192788
20.916666666666668 0.24400811804583453
20.944444444444443 0.24409615998379142
20.97222222222222 0.24418419459521712
21.0 0.24427222185958133
21.02777777777778 0.2443602417563844
21.055555555555557 0.24444825426516484
21.083333333333332 0.2445362593655146
21.11111111111111 0.24462425703705282
21.13888888888889 0.24471224725944335
21.166666666666668 0.24480023001238274
21.194444444444443 0.24488820527561406
21.22222222222222 0.24497617302891
21.25 0.2450641332520875
21.27777777777778 0.24515208592499774
21.305555555555557 0.24524003102752576
21.333333333333332 0.2453279685395989
21.36111111111111 0.24541589844117853
21.38888888888889 0.24550382071226268
21.416666666666668 0.2455917353328831
21.444444444444443 0.24567964228310493
21.47222222222222 0.24576754154303504
21.5 0.24585543309281513
21.52777777777778 0.24594331691261376
21.555555555555557 0.24603119298264353
21.583333333333332 0.246119061283142
21.61111111111111 0.2462069217943823
21.63888888888889 0.24629477449667983
21.666666666666668 0.24638261937037698
21.694444444444443 0.24647045639584506
21.72222222222222 0.24655828555349882
21.75 0.24664610682377688
21.77777777777778 0.24673392018715226
21.805555555555557 0.24682172562413518
21.833333333333332 0.24690952311526082
21.86111111111111 0.2469973126411018
21.88888888888889 0.24708509418225963
21.916666666666668 0.24717286771936492
21.944444444444443 0.24726063323308733
21.97222222222222 0.24734839070412237
22.0 0.24743614011319578
22.02777777777778 0.24752388144106305
22.055555555555557 0.2476116146685125
22.083333333333332 0.24769933977636696
22.11111111111111 0.24778705674547294
22.13888888888889 0.2478747655567099
22.166666666666668 0.24796246619098405
22.194444444444443 0.2480501586292367
22.22222222222222 0.24813784285243345
22.25 0.2482255188415744
22.27777777777778 0.24831318657768223
22.305555555555557 0.24840084604181817
22.333333333333332 0.2484884972150586
22.36111111111111 0.24857614007852352
22.38888888888889 0.24866377461335168
22.416666666666668 0.2487514008007201
22.444444444444443 0.24883901862181423
22.47222222222222 0.24892662805787083
22.5 0.24901422909014465
22.52777777777778 0.24910182169991446
22.555555555555557 0.24918940586849425
22.583333333333332 0.24927698157722633
22.61111111111111 0.24936454880747
22.63888888888889 0.24945210754062494
22.666666666666668 0.24953965775810766
22.694444444444443 0.24962719944136705
22.72222222222222 0.24971473257188334
22.75 0.24980225713115134
22.77777777777778 0.24988977310070712
22.805555555555557 0.2499772804621088
22.833333333333332 0.25006477919693154
22.86111111111111 0.2501522692867913
22.88888888888889 0.2502397507133224
22.916666666666668 0.2503272234581868
22.944444444444443 0.25041468750307305
22.97222222222222 0.2505021428297008
23.0 0.25058958941980564
23.02777777777778 0.250677027255157
23.055555555555557 0.2507644563175517
23.083333333333332 0.2508518765888044
23.11111111111111 0.25093928805075966
23.13888888888889 0.25102669068529126
23.166666666666668 0.2511140844742983
23.194444444444443 0.2512014693996961
23.22222222222222 0.2512888454434363
23.25 0.2513762125874915
23.27777777777778 0.25146357081385645
23.305555555555557 0.25155092010455915
23.333333333333332 0.25163826044164495
23.36111111111111 0.2517255918071911
23.38888888888889 0.2518129141832908
23.416666666666668 0.251900227552071
23.444444444444443 0.25198753189568107
23.47222222222222 0.2520748271962925
23.5 0.25216211343610356
23.52777777777778 0.25224939059733964
23.555555555555557 0.2523366586622427
23.583333333333332 0.25242391761308974
23.61111111111111 0.25251116743217444
23.63888888888889 0.2525984081018219
23.666666666666668 0.252685639604373
23.694444444444443 0.25277286192219955
23.72222222222222 0.252860075037693
23.75 0.25294727893327357
23.77777777777778 0.2530344735913818
23.805555555555557 0.25312165899448746
23.833333333333332 0.25320883512508147
23.86111111111111 0.2532960019656764
23.88888888888889 0.2533831594988097
23.916666666666668 0.2534703077070443
23.944444444444443 0.25355744657296686
23.97222222222222 0.2536445760791876
