0.0 1.0
0.027777777777777776 0.9585061701315442
0.05555555555555555 0.9401876337119608
0.08333333333333333 0.9252425270864797
0.1111111111111111 0.9120209974150557
0.1388888888888889 0.8999031654792489
0.16666666666666666 0.8885778266818185
0.19444444444444445 0.8778648024613322
0.2222222222222222 0.8676501675201215
0.25 0.8578569104219952
0.2777777777777778 0.8484299337763097
0.3055555555555556 0.8393278436122734
0.3333333333333333 0.8305182467046299
0.3611111111111111 0.8219749517767266
0.3888888888888889 0.8136762386715766
0.4166666666666667 0.8056037438857139
0.4444444444444444 0.7977417123639334
0.4722222222222222 0.7900764739903153
0.5 0.7825960628016702
0.5277777777777778 0.7752899302386979
0.5555555555555556 0.7681487226912692
0.5833333333333334 0.7611641045970938
0.6111111111111112 0.7543286148965548
0.6388888888888888 0.7476355486409467
0.6666666666666666 0.7410788580592774
0.6944444444444444 0.7346530690099128
0.7222222222222222 0.7283532098222187
0.75 0.7221747502718003
0.7777777777777778 0.7161135489519185
0.8055555555555556 0.7101658076773985
0.8333333333333334 0.7043280318325225
0.8611111111111112 0.6985969957811413
0.8888888888888888 0.6929697126154643
0.9166666666666666 0.6874434076430813
0.9444444444444444 0.6820154951090823
0.9722222222222222 0.6766835577280683
1.0 0.6714453286641512
1.0277777777777777 0.6662986756489692
1.0555555555555556 0.661241586970867
1.0833333333333333 0.6562721591044863
1.1111111111111112 0.6513885857804846
1.1388888888888888 0.6465891483210315
1.1666666666666667 0.6418722070888927
1.1944444444444444 0.6372361939170087
1.2222222222222223 0.6326796054019367
1.25 0.6282009969588382
1.2777777777777777 0.623798977548123
1.3055555555555556 0.6194722049947173
1.3333333333333333 0.61521938183041
1.3611111111111112 0.6110392515980402
1.3888888888888888 0.606930595563582
1.4166666666666667 0.6028922297885815
1.4444444444444444 0.5989230025210309
1.4722222222222223 0.5950217918677198
1.5 0.591187503715455
1.5277777777777777 0.587419069872395
1.5555555555555556 0.5837154464041149
1.5833333333333333 0.5800756121420122
1.6111111111111112 0.5764985673442928
1.6388888888888888 0.57298333249209
1.6666666666666667 0.5695289472053308
1.6944444444444444 0.5661344692647539
1.7222222222222223 0.5627989737280898
1.75 0.5595215521298122
1.7777777777777777 0.5563013117551121
1.8055555555555556 0.5531373749798464
1.8333333333333333 0.5500288786691664
1.8611111111111112 0.5469749736283978
1.8888888888888888 0.5439748241004869
1.9166666666666667 0.5410276073049911
1.9444444444444444 0.5381325130141874
1.9722222222222223 0.5352887431623702
2.0 0.5324955114848846
2.0277777777777777 0.5297520431838305
2.0555555555555554 0.527057574617731
2.0833333333333335 0.5244113530127694
2.111111111111111 0.5218126361934763
2.138888888888889 0.5192606923309877
2.1666666666666665 0.5167547997072128
2.1944444444444446 0.5142942464934321
2.2222222222222223 0.5118783305420197
2.25 0.5095063591901211
2.2777777777777777 0.5071776490742563
2.3055555555555554 0.5048915259549193
2.3333333333333335 0.5026473245503558
2.361111111111111 0.5004443883787786
2.388888888888889 0.4982820696083666
2.4166666666666665 0.49615972891444987
2.4444444444444446 0.4940767353433538
2.4722222222222223 0.4920324661824199
2.5 0.4900263068357705
2.5277777777777777 0.48805765070542073
2.5555555555555554 0.4861258990773828
2.5833333333333335 0.48423046101243555
2.611111111111111 0.48237075324125667
2.638888888888889 0.4805462000636446
2.6666666666666665 0.478756233251574
2.6944444444444446 0.4770002919558536
2.7222222222222223 0.47527782261616114
2.75 0.4735882788742568
2.7777777777777777 0.4719311214901815
2.8055555555555554 0.4703058182612624
2.8333333333333335 0.46871184394375365
2.861111111111111 0.4671486801769564
2.888888888888889 0.46561581540966557
2.9166666666666665 0.464112744828799
2.9444444444444446 0.462638970290073
2.9722222222222223 0.4611940002505955
3.0 0.45977734970325074
3.0277777777777777 0.4583885401127597
3.0555555555555554 0.4570270993532969
3.0833333333333335 0.45569256164756583
3.111111111111111 0.4543844675072159
3.138888888888889 0.45310236367451234
3.1666666666666665 0.4518458030651579
3.1944444444444446 0.45061434471217826
3.2222222222222223 0.44940755371078234
3.25 0.44822500116411473
3.2777777777777777 0.44706626412982264
3.3055555555555554 0.4459309255673594
3.3333333333333335 0.44481857428595484
3.361111111111111 0.44372880489318206
3.388888888888889 0.4426612177440594
3.4166666666666665 0.44161541889062195
3.4444444444444446 0.4405910200319088
3.4722222222222223 0.43958763846431076
3.5 0.43860489703222655
3.5277777777777777 0.43764242407898096
3.5555555555555554 0.43669985339796097
3.5833333333333335 0.4357768241839281
3.611111111111111 0.4348729809844694
3.638888888888889 0.43398797365155173
3.6666666666666665 0.4331214572931493
3.6944444444444446 0.4322730922249124
3.7222222222222223 0.4314425439218543
3.75 0.430629482970032
3.7777777777777777 0.42983358501819896
3.8055555555555554 0.42905453072941335
3.8333333333333335 0.428292005732587
3.861111111111111 0.4275457005739591
3.888888888888889 0.4268153106684859
3.9166666666666665 0.42610053625113903
3.9444444444444446 0.42540108232810303
3.9722222222222223 0.4247166586278689
4.0 0.4240469795522235
4.027777777777778 0.42339176412712887
4.055555555555555 0.42275073595349866
4.083333333333333 0.4221236231578691
4.111111111111111 0.42151015834297134
4.138888888888889 0.4209100785382109
4.166666666666667 0.4203231251500588
4.194444444444445 0.41974904391236517
4.222222222222222 0.41918758483660157
4.25 0.41863850216204523
4.277777777777778 0.4181015543059137
4.305555555555555 0.4175765038134638
4.333333333333333 0.41706311730806495
4.361111111111111 0.41656116544126387
4.388888888888889 0.41607042284285006
4.416666666666667 0.415590668070941
4.444444444444445 0.41512168356209844
4.472222222222222 0.4146632555814909
4.5 0.41421517417312215
4.527777777777778 0.413777233110135
4.555555555555555 0.4133492298452108
4.583333333333333 0.41293096546107805
4.611111111111111 0.41252224462114856
4.638888888888889 0.41212287552029325
4.666666666666667 0.41173266983577667
4.694444444444445 0.4113514426783646
4.722222222222222 0.4109790125436205
4.75 0.41061520126340584
4.777777777777778 0.4102598339575985
4.805555555555555 0.4099127389860475
4.833333333333333 0.40957374790077367
4.861111111111111 0.4092426953984345
4.888888888888889 0.40891941927306447
4.916666666666667 0.40860376036910534
4.944444444444445 0.4082955625347402
4.972222222222222 0.40799467257554145
5.0 0.40770094020844655
5.027777777777778 0.40741421801607597
5.055555555555555 0.40713436140139697
5.083333333333333 0.40686122854275275
5.111111111111111 0.4065946803492617
5.138888888888889 0.40633458041659776
5.166666666666667 0.4060807949831631
5.194444444444445 0.40583319288665964
5.222222222222222 0.40559164552106913
5.25 0.4053560267940488
5.277777777777778 0.40512621308475055
5.305555555555555 0.40490208320207194
5.333333333333333 0.40468351834334176
5.361111111111111 0.40447040205345025
5.388888888888889 0.4042626201844259
5.416666666666667 0.404060060855468
5.444444444444445 0.4038626144134338
5.472222222222222 0.40367017339379163
5.5 0.40348263248203614
5.527777777777778 0.40329988847557463
5.555555555555555 0.40312184024608444
5.583333333333333 0.40294838870234556
5.611111111111111 0.40277943675354855
5.638888888888889 0.4026148892730814
5.666666666666667 0.4024546530627941
5.694444444444445 0.40229863681774575
5.722222222222222 0.40214675109143133
5.75 0.4019989082614887
5.777777777777778 0.4018550224958887
5.805555555555555 0.4017150097196037
5.833333333333333 0.40157878758175775
5.861111111111111 0.40144627542325356
5.888888888888889 0.40131739424488044
5.916666666666667 0.40119206667589447
5.944444444444445 0.401070216943076
5.972222222222222 0.4009517708402579
6.0 0.40083665569832405
6.027777777777778 0.4007248003556753
6.055555555555555 0.400616135129161
6.083333333333333 0.40051059178547166
6.111111111111111 0.4004081035129898
6.138888888888889 0.40030860489409886
6.166666666666667 0.400212031877941
6.194444444444445 0.40011832175362533
6.222222222222222 0.40002741312388174
6.25 0.3999392458791535
6.277777777777778 0.3998537611721281
6.305555555555555 0.3997709013927009
6.333333333333333 0.3996906101433672
6.361111111111111 0.3996128322150379
6.388888888888889 0.3995375135632766
6.416666666666667 0.3994646012849496
6.444444444444445 0.3993940435952898
6.472222222222222 0.3993257898053628
6.5 0.3992597902999376
6.527777777777778 0.3991959965157522
6.555555555555555 0.39913436092017035
6.583333333333333 0.3990748369902272
6.611111111111111 0.39901737919205416
6.638888888888889 0.3989619429606831
6.666666666666667 0.3989084846802198
6.694444444444445 0.3988569616643873
6.722222222222222 0.39880733213742814
6.75 0.3987595552153662
6.777777777777778 0.39871359088761743
6.805555555555555 0.3986693999989498
6.833333333333333 0.3986269442317837
6.861111111111111 0.3985861860888289
6.888888888888889 0.3985470888760537
6.916666666666667 0.3985096166859799
6.944444444444445 0.39847373438130007
6.972222222222222 0.3984394075788107
7.0 0.39840660263365774
7.027777777777778 0.39837528662388716
7.055555555555555 0.3983454273353002
7.083333333333333 0.3983169932466025
7.111111111111111 0.3982899535148461
7.138888888888889 0.39826427796116026
7.166666666666667 0.3982399370567619
7.194444444444445 0.39821690190924625
7.222222222222222 0.39819514424914865
7.25 0.39817463641677564
7.277777777777778 0.39815535134929975
7.305555555555555 0.39813726256811205
7.333333333333333 0.3981203441664316
7.361111111111111 0.3981045707971631
7.388888888888889 0.3980899176610007
7.416666666666667 0.3980763604947733
7.444444444444445 0.3980638755600268
7.472222222222222 0.3980524396318395
7.5 0.39804202998786414
7.527777777777778 0.398032624397597
7.555555555555555 0.3980242011118646
7.583333333333333 0.3980167388525286
7.611111111111111 0.39801021680240023
7.638888888888889 0.398004614595366
7.666666666666667 0.3979999123067152
7.694444444444445 0.3979960904436687
7.722222222222222 0.3979931299361041
7.75 0.39799101212747384
7.777777777777778 0.39798971876591316
7.805555555555555 0.3979892319955313
7.833333333333333 0.3979895343478879
7.861111111111111 0.3979906087336452
7.888888888888889 0.397992438434396
7.916666666666667 0.39799500709466434
7.944444444444445 0.39799829871407183
7.972222222222222 0.3980022976396716
8.0 0.39800698855844246
8.027777777777779 0.3980123564899409
8.055555555555555 0.3980183867791103
8.083333333333334 0.39802506508924035
8.11111111111111 0.3980323773950774
8.13888888888889 0.3980403099760793
8.166666666666666 0.3980488494098147
8.194444444444445 0.39805798256550246
8.222222222222221 0.3980676965976881
8.25 0.3980779789400556
8.277777777777779 0.39808881729937134
8.305555555555555 0.39810019964955606
8.333333333333334 0.3981121142258852
8.36111111111111 0.3981245495193122
8.38888888888889 0.3981374942709144
8.416666666666666 0.3981509374664558
8.444444444444445 0.39816486833106957
8.472222222222221 0.39817927632405253
8.5 0.39819415113377143
8.527777777777779 0.39820948267268064
8.555555555555555 0.3982252610724447
8.583333333333334 0.3982414766791674
8.61111111111111 0.39825812004872335
8.63888888888889 0.39827518194219047
8.666666666666666 0.3982926533213802
8.694444444444445 0.39831052534446515
8.722222222222221 0.39832878936170096
8.75 0.39834743691123997
8.777777777777779 0.398366459715037
8.805555555555555 0.39838584967484225
8.833333333333334 0.3984055988682816
8.86111111111111 0.39842569954502216
8.88888888888889 0.39844614412302004
8.916666666666666 0.3984669251848506
8.944444444444445 0.39848803547411793
8.972222222222221 0.3985094678919418
9.0 0.3985312154935213
9.027777777777779 0.39855327148477393
9.055555555555555 0.3985756292190462
9.083333333333334 0.39859828219389726
9.11111111111111 0.3986212240479511
9.13888888888889 0.3986444485578189
9.166666666666666 0.3986679496350869
9.194444444444445 0.3986917213233711
9.222222222222221 0.39871575779543483
9.25 0.39874005335037066
9.277777777777779 0.39876460241084205
9.305555555555555 0.39878939952038717
9.333333333333334 0.39881443934077954
9.36111111111111 0.3988397166494479
9.38888888888889 0.3988652263369508
9.416666666666666 0.39889096340450814
9.444444444444445 0.39891692296158504
9.472222222222221 0.39894310022352975
9.5 0.3989694905092619
9.527777777777779 0.398996089239012
9.555555555555555 0.39902289193211093
9.583333333333334 0.3990498942048262
9.61111111111111 0.3990770917682472
9.63888888888889 0.39910448042621555
9.666666666666666 0.3991320560733008
9.694444444444445 0.3991598146928212
9.722222222222221 0.399187752354907
9.75 0.39921586521460606
9.777777777777779 0.3992441495100327
9.805555555555555 0.39927260156055305
9.833333333333334 0.39930121776501537
9.86111111111111 0.39932999460001456
9.88888888888889 0.39935892861819744
9.916666666666666 0.39938801644660377
9.944444444444445 0.3994172547850445
9.972222222222221 0.3994466404045143
10.0 0.39947617014564085
10.027777777777779 0.39950584091716546
10.055555555555555 0.39953564969445954
10.083333333333334 0.3995655935180718
10.11111111111111 0.39959566949230807
10.13888888888889 0.3996258747838415
10.166666666666666 0.39965620662035506
10.194444444444445 0.39968666228921074
10.222222222222221 0.39971723913615087
10.25 0.3997479345640261
10.277777777777779 0.39977874603155195
10.305555555555555 0.399809671052092
10.333333333333334 0.39984070719246895
10.36111111111111 0.3998718520718
10.38888888888889 0.39990310336035917
10.416666666666666 0.39993445877846406
10.444444444444445 0.399965916095387
10.472222222222221 0.39999747312828915
10.5 0.4000291277411802
10.527777777777779 0.40006087784389827
10.555555555555555 0.40009272139111424
10.583333333333334 0.4001246563813558
10.61111111111111 0.40015668085605544
10.63888888888889 0.40018879289861664
10.666666666666666 0.4002209906335026
10.694444444444445 0.4002532722253438
10.722222222222221 0.4002856358780652
10.75 0.4003180798340325
10.777777777777779 0.4003506023732181
10.805555555555555 0.4003832018123838
10.833333333333334 0.4004158765042819
10.86111111111111 0.40044862483687504
10.88888888888889 0.40048144523257045
10.916666666666666 0.4005143361474745
10.944444444444445 0.4005472960706593
10.972222222222221 0.40058032352344985
11.0 0.40061341705872267
11.027777777777779 0.400646575260223
11.055555555555555 0.40067979674189536
11.083333333333334 0.4007130801472279
11.11111111111111 0.40074642414861367
11.13888888888889 0.40077982744672325
11.166666666666666 0.4008132887698927
11.194444444444445 0.40084680687352386
11.222222222222221 0.40088038053949926
11.25 0.4009140085756072
11.277777777777779 0.40094768981498263
11.305555555555555 0.40098142311555746
11.333333333333334 0.4010152073595246
11.36111111111111 0.4010490414528129
11.38888888888889 0.4010829243245735
11.416666666666666 0.4011168549266782
11.444444444444445 0.40115083223322784
11.472222222222221 0.4011848552400721
11.5 0.401218922964339
11.527777777777779 0.40125303444397564
11.555555555555555 0.401287188737298
11.583333333333334 0.40132138492255137
11.61111111111111 0.40135562209748005
11.63888888888889 0.4013898993789058
11.666666666666666 0.4014242159023169
11.694444444444445 0.4014585708214646
11.722222222222221 0.401492963307969
11.75 0.40152739255093517
11.777777777777779 0.4015618577565738
11.805555555555555 0.4015963581478336
11.833333333333334 0.4016308929640407
11.86111111111111 0.40166546146054544
11.88888888888889 0.40170006290837607
11.916666666666666 0.4017346965939028
11.944444444444445 0.40176936181850625
11.972222222222221 0.4018040578982543
12.0 0.4018387841635858
12.027777777777779 0.4018735399590023
12.055555555555555 0.4019083246427637
12.083333333333334 0.4019431375865937
12.11111111111111 0.4019779781753896
12.13888888888889 0.40201284580693913
12.166666666666666 0.4020477398916432
12.194444444444445 0.40208265985224473
12.222222222222221 0.4021176051235638
12.25 0.402152575152238
12.277777777777779 0.40218756939646816
12.305555555555555 0.40222258732577054
12.333333333333334 0.40225762842073426
12.36111111111111 0.40229269217278213
12.38888888888889 0.40232777808394
12.416666666666666 0.4023628856666078
12.444444444444445 0.40239801444333784
12.472222222222221 0.4024331639466172
12.5 0.402468333718654
12.527777777777779 0.4025035233111696
12.555555555555555 0.4025387322851946
12.583333333333334 0.402573960210869
12.61111111111111 0.402609206667248
12.63888888888889 0.4026444712421103
12.666666666666666 0.40267975353177143
12.694444444444445 0.40271505314090145
12.722222222222221 0.40275036968234534
12.75 0.40278570277694936
12.777777777777779 0.4028210520533887
12.805555555555555 0.4028564171480009
12.833333333333334 0.40289179770462147
12.86111111111111 0.40292719337442406
12.88888888888889 0.40296260381576343
12.916666666666666 0.40299802869402185
12.944444444444445 0.40303346768145987
12.972222222222221 0.4030689204570681
13.0 0.403104386706425
13.027777777777779 0.40313986612155506
13.055555555555555 0.4031753584007921
13.083333333333334 0.4032108632486441
13.11111111111111 0.40324638037566196
13.13888888888889 0.4032819094983107
13.166666666666666 0.4033174503388429
13.194444444444445 0.4033530026251758
13.222222222222221 0.4033885660907707
13.25 0.4034241404745144
13.277777777777779 0.4034597255206042
13.305555555555555 0.4034953209784345
13.333333333333334 0.40353092660248635
13.36111111111111 0.40356654215221904
13.38888888888889 0.4036021673919648
13.416666666666666 0.4036378020908242
13.444444444444445 0.4036734460225658
13.472222222222221 0.4037090989655259
13.5 0.4037447607025127
13.527777777777779 0.40378043102071015
13.555555555555555 0.4038161097115855
13.583333333333334 0.40385179657079867
13.61111111111111 0.4038874913981127
13.63888888888889 0.4039231939973071
13.666666666666666 0.403958904176092
13.694444444444445 0.40399462174602624
13.722222222222221 0.40403034652243375
13.75 0.4040660783243253
13.777777777777779 0.4041018169743198
13.805555555555555 0.40413756229856757
13.833333333333334 0.40417331412667623
13.86111111111111 0.40420907229163733
13.88888888888889 0.40424483662975397
13.916666666666666 0.4042806069805713
13.944444444444445 0.4043163831868083
13.972222222222221 0.40435216509429023
14.0 0.40438795255188265
14.027777777777779 0.40442374541142756
14.055555555555555 0.4044595435276807
14.083333333333334 0.40449534675824905
14.11111111111111 0.40453115496353215
14.13888888888889 0.40456696800666136
14.166666666666666 0.4046027857534437
14.194444444444445 0.40463860807230456
14.222222222222221 0.40467443483423265
14.25 0.4047102659127258
14.277777777777779 0.40474610118373877
14.305555555555555 0.4047819405256303
14.333333333333334 0.4048177838191132
14.36111111111111 0.40485363094720495
14.38888888888889 0.40488948179517836
14.416666666666666 0.404925336250515
14.444444444444445 0.4049611942028581
14.472222222222221 0.40499705554396714
14.5 0.4050329201676738
14.527777777777779 0.40506878796983764
14.555555555555555 0.4051046588483038
14.583333333333334 0.40514053270286216
14.61111111111111 0.4051764094352048
14.63888888888889 0.4052122889488871
14.666666666666666 0.4052481711492889
14.694444444444445 0.4052840559435755
14.722222222222221 0.4053199432406602
14.75 0.40535583295116834
14.777777777777779 0.40539172498740045
14.805555555555555 0.40542761926329846
14.833333333333334 0.4054635156944098
14.86111111111111 0.40549941419785446
14.88888888888889 0.4055353146922926
14.916666666666666 0.40557121709789135
14.944444444444445 0.40560712133629395
14.972222222222221 0.4056430273305886
15.0 0.4056789350052779
15.027777777777779 0.40571484428625065
15.055555555555555 0.40575075510075087
15.083333333333334 0.405786667377351
15.11111111111111 0.40582258104592345
15.13888888888889 0.40585849603761426
15.166666666666666 0.4058944122848152
15.194444444444445 0.4059303297211393
15.222222222222221 0.40596624828139394
15.25 0.4060021679015573
15.277777777777779 0.40603808851875267
15.305555555555555 0.40607401007122623
15.333333333333334 0.4061099324983214
15.36111111111111 0.40614585574045825
15.38888888888889 0.40618177973911
15.416666666666666 0.40621770443678096
15.444444444444445 0.40625362977698576
15.472222222222221 0.4062895557042276
15.5 0.4063254821639787
15.527777777777779 0.40636140910265894
15.555555555555555 0.4063973364676173
15.583333333333334 0.40643326420711234
15.61111111111111 0.4064691922702923
15.63888888888889 0.4065051206071782
15.666666666666666 0.40654104916864486
15.694444444444445 0.4065769779064036
15.722222222222221 0.40661290677298434
15.75 0.40664883572171945
15.777777777777779 0.4066847647067263
15.805555555555555 0.4067206936828921
15.833333333333334 0.4067566226058566
15.86111111111111 0.40679255143199805
15.88888888888889 0.40682848011841694
15.916666666666666 0.4068644086229212
15.944444444444445 0.4069003369040121
15.972222222222221 0.40693626492086954
16.0 0.4069721926333379
16.02777777777778 0.40700812000191305
16.055555555555557 0.40704404698772817
16.083333333333332 0.40707997355254144
16.11111111111111 0.40711589965872214
16.13888888888889 0.4071518252692388
16.166666666666668 0.40718775034764726
16.194444444444443 0.4072236748580773
16.22222222222222 0.4072595987652224
16.25 0.4072955220343271
16.27777777777778 0.40733144463117593
16.305555555555557 0.4073673665220828
16.333333333333332 0.4074032876738793
16.36111111111111 0.4074392080539053
16.38888888888889 0.4074751276299974
16.416666666666668 0.40751104637047914
16.444444444444443 0.4075469642441516
16.47222222222222 0.40758288122028286
16.5 0.4076187972685991
16.52777777777778 0.4076547123592746
16.555555555555557 0.40769062646292337
16.583333333333332 0.40772653955058913
16.61111111111111 0.40776245159373814
16.63888888888889 0.407798362564249
16.666666666666668 0.4078342724344054
16.694444444444443 0.40787018117688695
16.72222222222222 0.407906088764762
16.75 0.40794199517147944
16.77777777777778 0.4079779003708604
16.805555555555557 0.40801380433709195
16.833333333333332 0.40804970704471827
16.86111111111111 0.40808560846863484
16.88888888888889 0.4081215085840799
16.916666666666668 0.4081574073666288
16.944444444444443 0.40819330479218613
16.97222222222222 0.4082292008369803
17.0 0.40826509547755535
17.02777777777778 0.40830098869076636
17.055555555555557 0.40833688045377187
17.083333333333332 0.40837277074402845
17.11111111111111 0.40840865953928446
17.13888888888889 0.40844454681757425
17.166666666666668 0.4084804325572125
17.194444444444443 0.40851631673678834
17.22222222222222 0.4085521993351605
17.25 0.4085880803314508
17.27777777777778 0.4086239597050398
17.305555555555557 0.4086598374355616
17.333333333333332 0.4086957135028982
17.36111111111111 0.4087315878871753
17.38888888888889 0.40876746056875646
17.416666666666668 0.40880333152823944
17.444444444444443 0.408839200746451
17.47222222222222 0.40887506820444214
17.5 0.40891093388348415
17.52777777777778 0.40894679776506393
17.555555555555557 0.4089826598308796
17.583333333333332 0.40901852006283695
17.61111111111111 0.4090543784430445
17.63888888888889 0.40909023495381014
17.666666666666668 0.40912608957763663
17.694444444444443 0.4091619422972186
17.72222222222222 0.40919779309543763
17.75 0.40923364195535966
17.77777777777778 0.4092694888602308
17.805555555555557 0.40930533379347367
17.833333333333332 0.40934117673868475
17.86111111111111 0.40937701767962964
17.88888888888889 0.40941285660024146
17.916666666666668 0.40944869348461554
17.944444444444443 0.4094845283170084
17.97222222222222 0.40952036108183276
18.0 0.40955619176365576
18.02777777777778 0.4095920203471953
18.055555555555557 0.40962784681731773
18.083333333333332 0.40966367115903424
18.11111111111111 0.4096994933574983
18.13888888888889 0.4097353133980033
18.166666666666668 0.4097711312659795
18.194444444444443 0.4098069469469915
18.22222222222222 0.4098427604267351
18.25 0.4098785716910365
18.27777777777778 0.4099143807258472
18.305555555555557 0.40995018751724405
18.333333333333332 0.4099859920514252
18.36111111111111 0.4100217943147088
18.38888888888889 0.41005759429353006
18.416666666666668 0.41009339197443934
18.444444444444443 0.4101291873441
18.47222222222222 0.41016498038928617
18.5 0.41020077109688036
18.52777777777778 0.4102365594538723
18.555555555555557 0.41027234544735564
18.583333333333332 0.4103081290645272
18.61111111111111 0.4103439102926843
18.63888888888889 0.41037968911922307
18.666666666666668 0.41041546553163666
18.694444444444443 0.4104512395175137
18.72222222222222 0.41048701106453567
18.75 0.4105227801604762
18.77777777777778 0.41055854679319864
18.805555555555557 0.41059431095065485
18.833333333333332 0.4106300726208827
18.86111111111111 0.4106658317920063
18.88888888888889 0.41070158845223237
18.916666666666668 0.41073734258985
18.944444444444443 0.41077309419322844
18.97222222222222 0.4108088432508167
19.0 0.41084458975114024
19.02777777777778 0.41088033368280175
19.055555555555557 0.410916075034478
19.083333333333332 0.41095181379491946
19.11111111111111 0.41098754995294917
19.13888888888889 0.41102328349746003
19.166666666666668 0.4110590144174152
19.194444444444443 0.4110947427018459
19.22222222222222 0.41113046833985056
19.25 0.4111661913205932
19.27777777777778 0.4112019116333033
19.305555555555557 0.41123762926727264
19.333333333333332 0.4112733442118568
19.36111111111111 0.4113090564564722
19.38888888888889 0.41134476599059533
19.416666666666668 0.4113804728037619
19.444444444444443 0.41141617688556625
19.47222222222222 0.41145187822565965
19.5 0.41148757681374964
19.52777777777778 0.4115232726395987
19.555555555555557 0.411558965693024
19.583333333333332 0.4115946559638959
19.61111111111111 0.4116303434421372
19.63888888888889 0.41166602811772224
19.666666666666668 0.4117017099806758
19.694444444444443 0.41173738902107326
19.72222222222222 0.4117730652290379
19.75 0.411808738594742
19.77777777777778 0.41184440910840486
19.805555555555557 0.4118800767602921
19.833333333333332 0.41191574154071586
19.86111111111111 0.4119514034400325
19.88888888888889 0.4119870624486433
19.916666666666668 0.4120227185569928
19.944444444444443 0.41205837175556814
19.97222222222222 0.41209402203489937
20.0 0.41212966938555734
20.02777777777778 0.4121653137981542
20.055555555555557 0.41220095526334166
20.083333333333332 0.4122365937718116
20.11111111111111 0.41227222931429447
20.13888888888889 0.4123078618815588
20.166666666666668 0.41234349146441146
20.194444444444443 0.41237911805369554
20.22222222222222 0.4124147416402914
20.25 0.4124503622151147
20.27777777777778 0.412485979769117
20.305555555555557 0.41252159429328433
20.333333333333332 0.41255720577863714
20.36111111111111 0.41259281421622995
20.38888888888889 0.41262841959715013
20.416666666666668 0.412664021912518
20.444444444444443 0.41269962115348624
20.47222222222222 0.41273521731123913
20.5 0.4127708103769926
20.52777777777778 0.412806400341993
20.555555555555557 0.41284198719751747
20.583333333333332 0.41287757093487315
20.61111111111111 0.4129131515453964
20.63888888888889 0.41294872902045304
20.666666666666668 0.4129843033514374
20.694444444444443 0.41301987452977196
20.72222222222222 0.4130554425469075
20.75 0.413091007394322
20.77777777777778 0.4131265690635207
20.805555555555557 0.4131621275460355
20.833333333333332 0.41319768283342456
20.86111111111111 0.4132332349172724
20.88888888888889 0.41326878378918896
20.916666666666668 0.41330432944080947
20.944444444444443 0.41333987186379434
20.97222222222222 0.4133754110498281
21.0 0.4134109469906207
21.02777777777778 0.4134464796779047
21.055555555555557 0.4134820091034376
21.083333333333332 0.4135175352589995
21.11111111111111 0.4135530581363936
21.13888888888889 0.4135885777274463
21.166666666666668 0.4136240940240064
21.194444444444443 0.4136596070179447
21.22222222222222 0.4136951167011539
21.25 0.4137306230655491
21.27777777777778 0.4137661261030655
21.305555555555557 0.41380162580566077
21.333333333333332 0.4138371221653126
21.36111111111111 0.4138726151740198
21.38888888888889 0.41390810482380125
21.416666666666668 0.41394359110669626
21.444444444444443 0.4139790740147639
21.47222222222222 0.414014553540083
21.5 0.41405002967475185
21.52777777777778 0.4140855024108879
21.555555555555557 0.41412097174062756
21.583333333333332 0.41415643765612686
21.61111111111111 0.4141919001495592
21.63888888888889 0.41422735921311693
21.666666666666668 0.4142628148390112
21.694444444444443 0.4142982670194703
21.72222222222222 0.4143337157467406
21.75 0.4143691610130861
21.77777777777778 0.4144046028107888
21.805555555555557 0.4144400411321469
21.833333333333332 0.414475475969477
21.86111111111111 0.41451090731511114
21.88888888888889 0.41454633516139944
21.916666666666668 0.41458175950070786
21.944444444444443 0.4146171803254189
21.97222222222222 0.4146525976279315
22.0 0.4146880114006606
22.02777777777778 0.41472342163603704
22.055555555555557 0.4147588283265076
22.083333333333332 0.4147942314645343
22.11111111111111 0.41482963104259546
22.13888888888889 0.414865027053184
22.166666666666668 0.41490041948880824
22.194444444444443 0.4149358083419921
22.22222222222222 0.4149711936052738
22.25 0.4150065752712066
22.27777777777778 0.4150419533323587
22.305555555555557 0.4150773277813127
22.333333333333332 0.4151126986106658
22.36111111111111 0.415148065813029
22.38888888888889 0.41518342938102804
22.416666666666668 0.41521878930730277
22.444444444444443 0.4152541455845066
22.47222222222222 0.41528949820530725
22.5 0.41532484716238616
22.52777777777778 0.41536019244843797
22.555555555555557 0.4153955340561716
22.583333333333332 0.41543087197830875
22.61111111111111 0.4154662062075848
22.63888888888889 0.41550153673674817
22.666666666666668 0.415536863558561
22.694444444444443 0.41557218666579754
22.72222222222222 0.41560750605124597
22.75 0.41564282170770667
22.77777777777778 0.4156781336279932
22.805555555555557 0.4157134418049316
22.833333333333332 0.41574874623136054
22.86111111111111 0.41578404690013127
22.88888888888889 0.4158193438041074
22.916666666666668 0.41585463693616526
22.944444444444443 0.41588992628919286
22.97222222222222 0.415925211856091
23.0 0.41596049362977205
23.02777777777778 0.41599577160316104
23.055555555555557 0.4160310457691944
23.083333333333332 0.41606631612082107
23.11111111111111 0.41610158265100106
23.13888888888889 0.41613684535270706
23.166666666666668 0.41617210421892253
23.194444444444443 0.41620735924264335
23.22222222222222 0.41624261041687666
23.25 0.4162778577346408
23.27777777777778 0.41631310118896603
23.305555555555557 0.4163483407728939
23.333333333333332 0.416383576479477
23.36111111111111 0.4164188083017797
23.38888888888889 0.4164540362328767
23.416666666666668 0.41648926026585475
23.444444444444443 0.4165244803938113
23.47222222222222 0.41655969660985476
23.5 0.41659490890710493
23.52777777777778 0.4166301172786918
23.555555555555557 0.41666532171775694
23.583333333333332 0.4167005222174526
23.61111111111111 0.41673571877094123
23.63888888888889 0.41677091137139705
23.666666666666668 0.4168061000120041
23.694444444444443 0.4168412846859572
23.72222222222222 0.41687646538646206
23.75 0.41691164210673504
23.77777777777778 0.4169468148400019
23.805555555555557 0.4169819835795006
23.833333333333332 0.41701714831847797
23.86111111111111 0.41705230905019214
23.88888888888889 0.41708746576791134
23.916666666666668 0.4171226184649136
23.944444444444443 0.417157767134488
23.97222222222222 0.4171929117699331
24.0 0.41722805236455857
