0.0 1.0
0.027777777777777776 0.9593353653375074
0.05555555555555555 0.9334388219076624
0.08333333333333333 0.9145113112321066
0.1111111111111111 0.899336936501274
0.1388888888888889 0.8863749686627667
0.16666666666666666 0.8747931786474532
0.19444444444444445 0.8640945921104141
0.2222222222222222 0.8539601085424058
0.25 0.8441761693978693
0.2777777777777778 0.8345979367221256
0.3055555555555556 0.825128208616709
0.3333333333333333 0.8157038955259629
0.3611111111111111 0.8062865675848124
0.3888888888888889 0.7968555074205848
0.4166666666666667 0.7874024963900969
0.4444444444444444 0.7779278931912968
0.4722222222222222 0.7684377092413432
0.5 0.7589414585711216
0.5277777777777778 0.7494506057963165
0.5555555555555556 0.7399774702683468
0.5833333333333334 0.7305344731079096
0.6111111111111112 0.7211336379838679
0.6388888888888888 0.7117862766558338
0.6666666666666666 0.7025028067443253
0.6944444444444444 0.6932926623087742
0.7222222222222222 0.684164268063629
0.75 0.6751250559334956
0.7777777777777778 0.6661815086023515
0.8055555555555556 0.657339219158324
0.8333333333333334 0.6486029592181303
0.8611111111111112 0.639976750313169
0.8888888888888888 0.6314639350528999
0.9166666666666666 0.6230672458212281
0.9444444444444444 0.614788869638316
0.9722222222222222 0.6066305084317271
1.0 0.5985934343800084
1.0277777777777777 0.5906785402730084
1.0555555555555556 0.5828863850159881
1.0833333333333333 0.5752172345179545
1.1111111111111112 0.5676710982696047
1.1388888888888888 0.56024776194803
1.1666666666666667 0.5529468163946452
1.1944444444444444 0.5457676833074605
1.2222222222222223 0.5387096379742272
1.25 0.5317718293529262
1.2777777777777777 0.5249532977832202
1.3055555555555556 0.518252990588484
1.3333333333333333 0.5116697758042277
1.3611111111111112 0.5052024542456979
1.3888888888888888 0.49884977010571985
1.4166666666666667 0.492610420253696
1.4444444444444444 0.4864830623881534
1.4722222222222223 0.48046632217834473
1.5 0.47455879951520397
1.5277777777777777 0.4687590739782215
1.5555555555555556 0.4630657096125232
1.5833333333333333 0.4574772590995073
1.6111111111111112 0.45199226739459714
1.6388888888888888 0.44660927489703667
1.6666666666666667 0.44132682020894015
1.6944444444444444 0.4361434425340232
1.7222222222222223 0.4310576837604165
1.75 0.42606809026662434
1.7777777777777777 0.4211732144850299
1.8055555555555556 0.41637161625317054
1.8333333333333333 0.4116618639793596
1.8611111111111112 0.40704253564601656
1.8888888888888888 0.40251221967121975
1.9166666666666667 0.39806951564647847
1.9444444444444444 0.393713034966547
1.9722222222222223 0.3894414013651252
2.0 0.38525325136861027
2.0277777777777777 0.38114723467853506
2.0555555555555554 0.3771220144920171
2.0833333333333335 0.3731762677683743
2.111111111111111 0.36930868544902734
2.138888888888889 0.3655179726369138
2.1666666666666665 0.36180284874084806
2.1944444444444446 0.3581620475895473
2.2222222222222223 0.3545943175194457
2.25 0.35109842143987435
2.2777777777777777 0.34767313687870105
2.3055555555555554 0.34431725601112095
2.3333333333333335 0.3410295856739196
2.361111111111111 0.3378089473672045
2.388888888888889 0.33465417724532853
2.4166666666666665 0.3315641260984762
2.4444444444444446 0.3285376593261769
2.4722222222222223 0.32557365690381407
2.5 0.3226710133430436
2.5277777777777777 0.3198286376468845
2.5555555555555554 0.31704545326013284
2.5833333333333335 0.3143203980156321
2.611111111111111 0.3116524240768487
2.638888888888889 0.30904049787712345
2.6666666666666665 0.30648360005589
2.6944444444444446 0.30398072539211174
2.7222222222222223 0.3015308827351277
2.75 0.2991330949330548
2.7777777777777777 0.29678639875887547
2.8055555555555554 0.2944898448342884
2.8333333333333335 0.29224249755139836
2.861111111111111 0.2900434349922914
2.888888888888889 0.28789174884652496
2.9166666666666665 0.28578654432656125
2.9444444444444446 0.2837269400811559
2.9722222222222223 0.2817120681067131
3.0 0.27974107365660833
3.0277777777777777 0.2778131151484901
3.0555555555555554 0.2759273640695576
3.0833333333333335 0.2740830048798267
3.111111111111111 0.2722792349133866
3.138888888888889 0.2705152642776627
3.1666666666666665 0.2687903157507004
3.1944444444444446 0.26710362467648435
3.2222222222222223 0.265454438858328
3.25 0.2638420184503492
3.2777777777777777 0.26226563584708606
3.3055555555555554 0.26072457557126766
3.3333333333333335 0.25921813415980977
3.361111111111111 0.25774562004806856
3.388888888888889 0.25630635345241887
3.4166666666666665 0.2548996662512055
3.4444444444444446 0.25352490186414295
3.4722222222222223 0.25218141513022735
3.5 0.25086857218423175
3.5277777777777777 0.24958575033186123
3.5555555555555554 0.24833233792364878
3.5833333333333335 0.24710773422767138
3.611111111111111 0.24591134930117167
3.638888888888889 0.24474260386117055
3.6666666666666665 0.24360092915415799
3.6944444444444446 0.24248576682495418
3.7222222222222223 0.24139656878482488
3.75 0.24033279707894914
3.7777777777777777 0.2392939237533241
3.8055555555555554 0.23827943072120045
3.8333333333333335 0.2372888096291416
3.861111111111111 0.23632156172278682
3.888888888888889 0.2353771977124232
3.9166666666666665 0.23445523763844006
3.9444444444444446 0.23355521073675495
3.9722222222222223 0.23267665530430567
4.0 0.2318191185646802
4.027777777777778 0.2309821565339736
4.055555555555555 0.23016533388694355
4.083333333333333 0.22936822382354924
4.111111111111111 0.22859040793594548
4.138888888888889 0.2278314760760008
4.166666666666667 0.22709102622341445
4.194444444444445 0.22636866435449593
4.222222222222222 0.22566400431167313
4.25 0.22497666767378774
4.277777777777778 0.224306283627242
4.305555555555555 0.2236524888380478
4.333333333333333 0.22301492732483297
4.361111111111111 0.2223932503328568
4.388888888888889 0.2217871162090801
4.416666666666667 0.2211961902783378
4.444444444444445 0.22062014472065117
4.472222222222222 0.22005865844972294
4.5 0.21951141699265334
4.527777777777778 0.21897811237090445
4.555555555555555 0.21845844298255432
4.583333333333333 0.2179521134858602
4.611111111111111 0.21745883468416294
4.638888888888889 0.2169783234121552
4.666666666666667 0.21651030242353564
4.694444444444445 0.2160545002800682
4.722222222222222 0.2156106512420633
4.75 0.21517849516029852
4.777777777777778 0.21475777736938712
4.805555555555555 0.21434824858261411
4.833333333333333 0.21394966478823704
4.861111111111111 0.21356178714727195
4.888888888888889 0.21318438189276157
4.916666666666667 0.21281722023053137
4.944444444444445 0.2124600782414398
4.972222222222222 0.21211273678511974
5.0 0.21177498140521267
5.027777777777778 0.21144660223609274
5.055555555555555 0.2111273939110787
5.083333333333333 0.21081715547212956
5.111111111111111 0.2105156902810178
5.138888888888889 0.21022280593197373
5.166666666666667 0.20993831416579356
5.194444444444445 0.20966203078540357
5.222222222222222 0.20939377557287028
5.25 0.2091333722078459
5.277777777777778 0.208880648187439
5.305555555555555 0.20863543474749857
5.333333333333333 0.20839756678529955
5.361111111111111 0.20816688278361375
5.388888888888889 0.20794322473615992
5.416666666666667 0.20772643807440808
5.444444444444445 0.2075163715957357
5.472222222222222 0.2073128773929087
5.5 0.20711581078488395
5.527777777777778 0.2069250302489056
5.555555555555555 0.20674039735388897
5.583333333333333 0.20656177669507259
5.611111111111111 0.2063890358299154
5.638888888888889 0.20622204521523435
5.666666666666667 0.20606067814555606
5.694444444444445 0.20590481069266833
5.722222222222222 0.20575432164635385
5.75 0.20560909245629222
5.777777777777778 0.20546900717510674
5.805555555555555 0.20533395240254354
5.833333333333333 0.20520381723076317
5.861111111111111 0.20507849319072682
5.888888888888889 0.20495787419966316
5.916666666666667 0.20484185650959275
5.944444444444445 0.20473033865689827
5.972222222222222 0.20462322141291917
6.0 0.20452040773555463
6.027777777777778 0.20442180272185825
6.055555555555555 0.20432731356160916
6.083333333333333 0.20423684949183585
6.111111111111111 0.20415032175228515
6.138888888888889 0.20406764354181187
6.166666666666667 0.2039887299756789
6.194444444444445 0.20391349804374204
6.222222222222222 0.203841866569517
6.25 0.2037737561700999
6.277777777777778 0.20370908921693007
6.305555555555555 0.20364778979738313
6.333333333333333 0.2035897836771721
6.361111111111111 0.20353499826354574
6.388888888888889 0.20348336256926652
6.416666666666667 0.20343480717735632
6.444444444444445 0.20338926420658976
6.472222222222222 0.20334666727772724
6.5 0.20330695148046807
6.527777777777778 0.20327005334111073
6.555555555555555 0.2032359107909095
6.583333333333333 0.20320446313510773
6.611111111111111 0.2031756510226399
6.638888888888889 0.20314941641648643
6.666666666666667 0.20312570256466764
6.694444444444445 0.20310445397186647
6.722222222222222 0.20308561637166278
6.75 0.20306913669937357
6.777777777777778 0.20305496306547735
6.805555555555555 0.2030430447296217
6.833333333333333 0.20303333207519264
6.861111111111111 0.20302577658443882
6.888888888888889 0.20302033081413973
6.916666666666667 0.20301694837180193
6.944444444444445 0.20301558389237864
6.972222222222222 0.20301619301549756
7.0 0.20301873236318554
7.027777777777778 0.20302315951808478
7.055555555555555 0.2030294330021431
7.083333333333333 0.2030375122557751
7.111111111111111 0.20304735761747944
7.138888888888889 0.20305893030390582
7.166666666666667 0.20307219239035798
7.194444444444445 0.20308710679172823
7.222222222222222 0.2031036372438523
7.25 0.20312174828527382
7.277777777777778 0.20314140523941246
7.305555555555555 0.20316257419712372
7.333333333333333 0.20318522199964886
7.361111111111111 0.20320931622193447
7.388888888888889 0.20323482515632774
7.416666666666667 0.20326171779662822
7.444444444444445 0.2032899638224949
7.472222222222222 0.20331953358419758
7.5 0.20335039808770589
7.527777777777778 0.20338252898011108
7.555555555555555 0.20341589853536812
7.583333333333333 0.20345047964035604
7.611111111111111 0.20348624578124774
7.638888888888889 0.20352317103018133
7.666666666666667 0.2035612300322291
7.694444444444445 0.20360039799265378
7.722222222222222 0.20364065066445083
7.75 0.20368196433616562
7.777777777777778 0.20372431581998235
7.805555555555555 0.20376768244007845
7.833333333333333 0.20381204202123687
7.861111111111111 0.20385737287771405
7.888888888888889 0.20390365380235184
7.916666666666667 0.20395086405593685
7.944444444444445 0.2039989833567925
7.972222222222222 0.20404799187060552
8.0 0.2040978702004787
8.027777777777779 0.2041485993772039
8.055555555555555 0.20420016084975434
8.083333333333334 0.20425253647598604
8.11111111111111 0.20430570851354918
8.13888888888889 0.2043596596110002
8.166666666666666 0.2044143727991138
8.194444444444445 0.20446983148238662
8.222222222222221 0.20452601943073284
8.25 0.20458292077136228
8.277777777777779 0.20464051998084323
8.305555555555555 0.20469880187733988
8.333333333333334 0.20475775161302254
8.36111111111111 0.2048173546666486
8.38888888888889 0.20487759683630966
8.416666666666666 0.2049384642323386
8.444444444444445 0.2049999432703765
8.472222222222221 0.20506202066459306
8.5 0.20512468342105944
8.527777777777779 0.20518791883126825
8.555555555555555 0.2052517144657997
8.583333333333334 0.20531605816812656
8.61111111111111 0.20538093804855959
8.63888888888889 0.2054463424783267
8.666666666666666 0.2055122600837853
8.694444444444445 0.20557867974076335
8.722222222222221 0.20564559056902754
8.75 0.20571298192687285
8.777777777777779 0.2057808434058355
8.805555555555555 0.2058491648255203
8.833333333333334 0.20591793622854904
8.86111111111111 0.20598714787561626
8.88888888888889 0.20605679024065754
8.916666666666666 0.20612685400612504
8.944444444444445 0.2061973300583707
8.972222222222221 0.20626820948312832
9.0 0.20633948356110005
9.027777777777779 0.20641114376364028
9.055555555555555 0.20648318174853408
9.083333333333334 0.20655558935587232
9.11111111111111 0.2066283586040166
9.13888888888889 0.2067014816856571
9.166666666666666 0.20677495096395462
9.194444444444445 0.20684875896877178
9.222222222222221 0.2069228983929855
9.25 0.2069973620888843
9.277777777777779 0.20707214306464425
9.305555555555555 0.20714723448088404
9.333333333333334 0.2072226296472959
9.36111111111111 0.20729832201935408
9.38888888888889 0.2073743051950927
9.416666666666666 0.2074505729119583
9.444444444444445 0.2075271190437329
9.472222222222221 0.20760393759752413
9.5 0.20768102271082073
9.527777777777779 0.20775836864861832
9.555555555555555 0.20783596980060443
9.583333333333334 0.2079138206784089
9.61111111111111 0.2079919159129144
9.63888888888889 0.2080702502516274
9.666666666666666 0.20814881855610765
9.694444444444445 0.2082276157994529
9.722222222222221 0.20830663706384278
9.75 0.20838587753813573
9.777777777777779 0.20846533251551794
9.805555555555555 0.20854499739120708
9.833333333333334 0.20862486766020566
9.86111111111111 0.20870493891510306
9.88888888888889 0.20878520684393115
9.916666666666666 0.2088656672280599
9.944444444444445 0.20894631594014873
9.972222222222221 0.2090271489421355
10.0 0.20910816228327486
10.027777777777779 0.20918935209821687
10.055555555555555 0.20927071460513252
10.083333333333334 0.20935224610387668
10.11111111111111 0.20943394297419457
10.13888888888889 0.20951580167396555
10.166666666666666 0.20959781873748917
10.194444444444445 0.20967999077380509
10.222222222222221 0.2097623144650547
10.25 0.20984478656487493
10.277777777777779 0.20992740389683087
10.305555555555555 0.2100101633528815
10.333333333333334 0.2100930618918792
10.36111111111111 0.21017609653810412
10.38888888888889 0.21025926437982856
10.416666666666666 0.21034256256791523
10.444444444444445 0.210425988314446
10.472222222222221 0.2105095388913804
10.5 0.21059321162924433
10.527777777777779 0.2106770039158473
10.555555555555555 0.21076091319502965
10.583333333333334 0.21084493696543408
10.61111111111111 0.21092907277930878
10.63888888888889 0.2110133182413325
10.666666666666666 0.21109767100747
10.694444444444445 0.21118212878384962
10.722222222222221 0.21126668932566545
10.75 0.21135135043610778
10.777777777777779 0.21143610996531115
10.805555555555555 0.21152096580933116
10.833333333333334 0.2116059159091396
10.86111111111111 0.21169095824964562
10.88888888888889 0.21177609085873592
10.916666666666666 0.21186131180633475
10.944444444444445 0.21194661920348926
10.972222222222221 0.21203201120147222
11.0 0.21211748599090294
11.027777777777779 0.21220304180089056
11.055555555555555 0.2122886768981941
11.083333333333334 0.21237438958640298
11.11111111111111 0.21246017820513405
11.13888888888889 0.21254604112924616
11.166666666666666 0.21263197676807424
11.194444444444445 0.21271798356467644
11.222222222222221 0.21280405999510155
11.25 0.21289020456767074
11.277777777777779 0.2129764158222747
11.305555555555555 0.2130626923296877
11.333333333333334 0.2131490326908966
11.36111111111111 0.213235435536442
11.38888888888889 0.21332189952577668
11.416666666666666 0.2134084233466386
11.444444444444445 0.21349500571443447
11.472222222222221 0.213581645371639
11.5 0.21366834108720859
11.527777777777779 0.21375509165600506
11.555555555555555 0.21384189589823477
11.583333333333334 0.21392875265889566
11.61111111111111 0.21401566080724324
11.63888888888889 0.21410261923626178
11.666666666666666 0.21418962686215087
11.694444444444445 0.21427668262382135
11.722222222222221 0.21436378548240406
11.75 0.2144509344207688
11.777777777777779 0.21453812844305192
11.805555555555555 0.21462536657419612
11.833333333333334 0.2147126478595002
11.86111111111111 0.21479997136417975
11.88888888888889 0.21488733617293396
11.916666666666666 0.21497474138952521
11.944444444444445 0.21506218613636693
11.972222222222221 0.21514966955412038
12.0 0.21523719080129897
12.027777777777779 0.21532474905388316
12.055555555555555 0.21541234350494431
12.083333333333334 0.21549997336427332
12.11111111111111 0.21558763785802043
12.13888888888889 0.21567533622834292
12.166666666666666 0.21576306773305795
12.194444444444445 0.215850831645306
12.222222222222221 0.21593862725322002
12.25 0.21602645385960142
12.277777777777779 0.21611431078160467
12.305555555555555 0.2162021973504268
12.333333333333334 0.21629011291100558
12.36111111111111 0.21637805682172268
12.38888888888889 0.21646602845411658
12.416666666666666 0.21655402719259592
12.444444444444445 0.21664205243416376
12.472222222222221 0.21673010358814696
12.5 0.21681818007593023
12.527777777777779 0.21690628133069853
12.555555555555555 0.2169944067971805
12.583333333333334 0.2170825559314022
12.61111111111111 0.21717072820044428
12.63888888888889 0.21725892308220318
12.666666666666666 0.2173471400651598
12.694444444444445 0.2174353786481532
12.722222222222221 0.21752363834015487
12.75 0.2176119186600545
12.777777777777779 0.21770021913644544
12.805555555555555 0.2177885393074181
12.833333333333334 0.21787687872035452
12.86111111111111 0.21796523693172984
12.88888888888889 0.21805361350691746
12.916666666666666 0.21814200801999795
12.944444444444445 0.21823042005357354
12.972222222222221 0.218318849198585
13.0 0.21840729505413164
13.027777777777779 0.21849575722729983
13.055555555555555 0.21858423533299037
13.083333333333334 0.2186727289937499
13.11111111111111 0.21876123783960916
13.13888888888889 0.2188497615079235
13.166666666666666 0.2189382996432144
13.194444444444445 0.21902685189701773
13.222222222222221 0.21911541792773426
13.25 0.21920399740048077
13.277777777777779 0.2192925899869498
13.305555555555555 0.2193811953652665
13.333333333333334 0.21946981321985373
13.36111111111111 0.21955844324129553
13.38888888888889 0.21964708512620743
13.416666666666666 0.21973573857710757
13.444444444444445 0.21982440330228972
13.472222222222221 0.21991307901570228
13.5 0.22000176543682604
13.527777777777779 0.22009046229055662
13.555555555555555 0.22017916930709053
13.583333333333334 0.22026788622181184
13.61111111111111 0.22035661277517904
13.63888888888889 0.22044534871262272
13.666666666666666 0.2205340937844346
13.694444444444445 0.22062284774566734
13.722222222222221 0.22071161035603223
13.75 0.22080038137980032
13.777777777777779 0.22088916058570543
13.805555555555555 0.22097794774685092
13.833333333333334 0.2210667426406144
13.86111111111111 0.22115554504855917
13.88888888888889 0.22124435475634527
13.916666666666666 0.22133317155364066
13.944444444444445 0.22142199523403955
13.972222222222221 0.22151082559497692
14.0 0.2215996624376464
14.027777777777779 0.22168850556692393
14.055555555555555 0.22177735479128718
14.083333333333334 0.22186620992274042
14.11111111111111 0.22195507077673962
14.13888888888889 0.2220439371721194
14.166666666666666 0.22213280893102186
14.194444444444445 0.22222168587882696
14.222222222222221 0.2223105678440845
14.25 0.22239945465844513
14.277777777777779 0.22248834615659652
14.305555555555555 0.2225772421762006
14.333333333333334 0.22266614255782877
14.36111111111111 0.2227550471449011
14.38888888888889 0.22284395578362629
14.416666666666666 0.22293286832294298
14.444444444444445 0.2230217846144634
14.472222222222221 0.22311070451241563
14.5 0.22319962787358838
14.527777777777779 0.2232885545572793
14.555555555555555 0.22337748442523997
14.583333333333334 0.22346641734162473
14.61111111111111 0.22355535317294192
14.63888888888889 0.22364429178800158
14.666666666666666 0.2237332330578707
14.694444444444445 0.22382217685582292
14.722222222222221 0.2239111230572927
14.75 0.22400007153983198
14.777777777777779 0.2240890221830648
14.805555555555555 0.22417797486864197
14.833333333333334 0.22426692948020127
14.86111111111111 0.22435588590332492
14.88888888888889 0.22444484402549944
14.916666666666666 0.2245338037360738
14.944444444444445 0.22462276492622446
14.972222222222221 0.2247117274889126
15.0 0.2248006913188503
15.027777777777779 0.2248896563124622
15.055555555555555 0.2249786223678509
15.083333333333334 0.22506758938476132
15.11111111111111 0.22515655726454653
15.13888888888889 0.22524552591013441
15.166666666666666 0.22533449522599494
15.194444444444445 0.2254234651181084
15.222222222222221 0.22551243549393318
15.25 0.22560140626237551
15.277777777777779 0.22569037733376038
15.305555555555555 0.22577934861979962
15.333333333333334 0.22586832003356533
15.36111111111111 0.22595729148946087
15.38888888888889 0.22604626290319435
15.416666666666666 0.22613523419174927
15.444444444444445 0.2262242052733604
15.472222222222221 0.22631317606748627
15.5 0.22640214649478535
15.527777777777779 0.22649111647709053
15.555555555555555 0.22658008593738435
15.583333333333334 0.22666905479977542
15.61111111111111 0.22675802298947695
15.63888888888889 0.22684699043278075
15.666666666666666 0.22693595705703973
15.694444444444445 0.22702492279064007
15.722222222222221 0.2271138875629843
15.75 0.22720285130446982
15.777777777777779 0.2272918139464672
15.805555555555555 0.22738077542130153
15.833333333333334 0.2274697356622308
15.86111111111111 0.2275586946034288
15.88888888888889 0.22764765217996666
15.916666666666666 0.22773660832779213
15.944444444444445 0.2278255629837139
15.972222222222221 0.22791451608538257
16.0 0.22800346757127457
16.02777777777778 0.22809241738067437
16.055555555555557 0.22818136545365858
16.083333333333332 0.2282703117310795
16.11111111111111 0.22835925615454924
16.13888888888889 0.22844819866642516
16.166666666666668 0.2285371392097931
16.194444444444443 0.22862607772845364
16.22222222222222 0.22871501416690834
16.25 0.22880394847034397
16.27777777777778 0.22889288058461899
16.305555555555557 0.22898181045625118
16.333333333333332 0.2290707380324027
16.36111111111111 0.22915966326086845
16.38888888888889 0.22924858609006124
16.416666666666668 0.229337506469002
16.444444444444443 0.229426424347306
16.47222222222222 0.22951533967517107
16.5 0.22960425240336582
16.52777777777778 0.22969316248321797
16.555555555555557 0.22978206986660404
16.583333333333332 0.22987097450593708
16.61111111111111 0.22995987635415782
16.63888888888889 0.2300487753647217
16.666666666666668 0.23013767149158998
16.694444444444443 0.23022656468922012
16.72222222222222 0.23031545491255437
16.75 0.23040434211701152
16.77777777777778 0.23049322625847704
16.805555555555557 0.23058210729329304
16.833333333333332 0.23067098517825022
16.86111111111111 0.23075985987057784
16.88888888888889 0.23084873132793735
16.916666666666668 0.2309375995084104
16.944444444444443 0.23102646437049362
16.97222222222222 0.23111532587308867
17.0 0.23120418397549472
17.02777777777778 0.23129303863740183
17.055555555555557 0.23138188981888066
17.083333333333332 0.23147073748037736
17.11111111111111 0.2315595815827047
17.13888888888889 0.2316484220870374
17.166666666666668 0.23173725895490074
17.194444444444443 0.23182609214816766
17.22222222222222 0.23191492162905072
17.25 0.23200374736009438
17.27777777777778 0.2320925693041701
17.305555555555557 0.2321813874244688
17.333333333333332 0.2322702016844965
17.36111111111111 0.23235901204806592
17.38888888888889 0.2324478184792921
17.416666666666668 0.23253662094258595
17.444444444444443 0.2326254194026492
17.47222222222222 0.23271421382446805
17.5 0.23280300417330846
17.52777777777778 0.23289179041470923
17.555555555555557 0.23298057251447915
17.583333333333332 0.2330693504386906
17.61111111111111 0.2331581241536741
17.63888888888889 0.23324689362601422
17.666666666666668 0.23333565882254456
17.694444444444443 0.23342441971034322
17.72222222222222 0.23351317625672638
17.75 0.2336019284292474
17.77777777777778 0.23369067619568948
17.805555555555557 0.23377941952406225
17.833333333333332 0.2338681583825973
17.86111111111111 0.2339568927397449
17.88888888888889 0.23404562256416803
17.916666666666668 0.2341343478247415
17.944444444444443 0.23422306849054464
17.97222222222222 0.2343117845308601
18.0 0.2344004959151682
18.02777777777778 0.2344892026131446
18.055555555555557 0.2345779045946565
18.083333333333332 0.2346666018297593
18.11111111111111 0.2347552942886919
18.13888888888889 0.23484398194187495
18.166666666666668 0.23493266475990615
18.194444444444443 0.2350213427135587
18.22222222222222 0.2351100157737764
18.25 0.23519868391167242
18.27777777777778 0.2352873470985238
18.305555555555557 0.23537600530577124
18.333333333333332 0.2354646585050138
18.36111111111111 0.2355533066680085
18.38888888888889 0.2356419497666646
18.416666666666668 0.23573058777304348
18.444444444444443 0.23581922065935532
18.47222222222222 0.23590784839795545
18.5 0.23599647096134252
18.52777777777778 0.2360850883221559
18.555555555555557 0.23617370045317404
18.583333333333332 0.23626230732731118
18.61111111111111 0.23635090891761387
18.63888888888889 0.23643950519726226
18.666666666666668 0.23652809613956294
18.694444444444443 0.23661668171795158
18.72222222222222 0.23670526190598815
18.75 0.23679383667735382
18.77777777777778 0.2368824060058513
18.805555555555557 0.23697096986540198
18.833333333333332 0.23705952823004398
18.86111111111111 0.2371480810739279
18.88888888888889 0.23723662837132006
18.916666666666668 0.23732517009659562
18.944444444444443 0.23741370622423935
18.97222222222222 0.23750223672884332
19.0 0.23759076158510434
19.02777777777778 0.23767928076782366
19.055555555555557 0.23776779425190356
19.083333333333332 0.23785630201234867
19.11111111111111 0.23794480402426058
19.13888888888889 0.23803330026283898
19.166666666666668 0.23812179070337886
19.194444444444443 0.23821027532126976
19.22222222222222 0.23829875409199341
19.25 0.2383872269911233
19.27777777777778 0.23847569399432106
19.305555555555557 0.23856415507734
19.333333333333332 0.23865261021601786
19.36111111111111 0.23874105938627926
19.38888888888889 0.23882950256413246
19.416666666666668 0.23891793972566924
19.444444444444443 0.23900637084706317
19.47222222222222 0.2390947959045694
19.5 0.2391832148745211
19.52777777777778 0.23927162773333094
19.555555555555557 0.2393600344574872
19.583333333333332 0.23944843502355578
19.61111111111111 0.23953682940817694
19.63888888888889 0.2396252175880643
19.666666666666668 0.23971359954000485
19.694444444444443 0.23980197524085717
19.72222222222222 0.23989034466755016
19.75 0.23997870779708214
19.77777777777778 0.24006706460652105
19.805555555555557 0.24015541507300223
19.833333333333332 0.2402437591737285
19.86111111111111 0.24033209688596766
19.88888888888889 0.24042042818705278
19.916666666666668 0.24050875305438155
19.944444444444443 0.24059707146541445
19.97222222222222 0.24068538339767412
20.0 0.24077368882874584
20.02777777777778 0.2408619877362738
20.055555555555557 0.24095028009796507
20.083333333333332 0.2410385658915833
20.11111111111111 0.2411268450949523
20.13888888888889 0.24121511768595252
20.166666666666668 0.24130338364252263
20.194444444444443 0.2413916429426565
20.22222222222222 0.2414798955644032
20.25 0.2415681414858685
20.27777777777778 0.24165638068521114
20.305555555555557 0.24174461314064363
20.333333333333332 0.2418328388304318
20.36111111111111 0.2419210577328924
20.38888888888889 0.24200926982639534
20.416666666666668 0.24209747508936214
20.444444444444443 0.2421856735002629
20.47222222222222 0.2422738650376192
20.5 0.2423620496800007
20.52777777777778 0.24245022740602704
20.555555555555557 0.24253839819436537
20.583333333333332 0.24262656202373012
20.61111111111111 0.24271471887288426
20.63888888888889 0.24280286872063675
20.666666666666668 0.24289101154584186
20.694444444444443 0.24297914732740092
20.72222222222222 0.24306727604426012
20.75 0.24315539767540953
20.77777777777778 0.24324351219988355
20.805555555555557 0.24333161959676164
20.833333333333332 0.24341971984516622
20.86111111111111 0.24350781292426157
20.88888888888889 0.24359589881325436
20.916666666666668 0.2436839774913953
20.944444444444443 0.2437720489379753
20.97222222222222 0.2438601131323274
21.0 0.2439481700538236
21.02777777777778 0.2440362196818789
21.055555555555557 0.2441242619959464
21.083333333333332 0.24421229697552027
21.11111111111111 0.24430032460013346
21.13888888888889 0.24438834484935812
21.166666666666668 0.24447635770280507
21.194444444444443 0.24456436314012367
21.22222222222222 0.24465236114100058
21.25 0.24474035168516095
21.27777777777778 0.24482833475236718
21.305555555555557 0.24491631032241842
21.333333333333332 0.2450042783751497
21.36111111111111 0.24509223889043483
21.38888888888889 0.24518019184818196
21.416666666666668 0.2452681372283355
21.444444444444443 0.2453560750108758
21.47222222222222 0.24544400517581777
21.5 0.24553192770321164
21.52777777777778 0.24561984257314284
21.555555555555557 0.24570774976573068
21.583333333333332 0.2457956492611292
21.61111111111111 0.24588354103952706
21.63888888888889 0.2459714250811446
21.666666666666668 0.24605930136623802
21.694444444444443 0.2461471698750955
21.72222222222222 0.24623503058803708
21.75 0.24632288348541914
21.77777777777778 0.246410728547628
21.805555555555557 0.2464985657550827
21.833333333333332 0.2465863950882345
21.86111111111111 0.2466742165275675
21.88888888888889 0.2467620300535956
21.916666666666668 0.24684983564686624
21.944444444444443 0.24693763328795842
21.97222222222222 0.2470254229574801
22.0 0.24711320463607214
22.02777777777778 0.2472009783044051
22.055555555555557 0.24728874394318084
22.083333333333332 0.24737650153313195
22.11111111111111 0.24746425105502043
22.13888888888889 0.24755199248963836
22.166666666666668 0.24763972581780802
22.194444444444443 0.24772745102038202
22.22222222222222 0.24781516807824222
22.25 0.24790287697229935
22.27777777777778 0.24799057768349386
22.305555555555557 0.24807827019279596
22.333333333333332 0.24816595448120365
22.36111111111111 0.24825363052974486
22.38888888888889 0.24834129831947505
22.416666666666668 0.24842895783147947
22.444444444444443 0.24851660904687062
22.47222222222222 0.24860425194679098
22.5 0.2486918865124092
22.52777777777778 0.24877951272492344
22.555555555555557 0.24886713056555876
22.583333333333332 0.2489547400155687
22.61111111111111 0.24904234105623382
22.63888888888889 0.24912993366886363
22.666666666666668 0.24921751783479387
22.694444444444443 0.24930509353538757
22.72222222222222 0.2493926607520346
22.75 0.24948021946615273
22.77777777777778 0.24956776965918662
22.805555555555557 0.24965531131260768
22.833333333333332 0.24974284440791503
22.86111111111111 0.24983036892663227
22.88888888888889 0.2499178848503105
22.916666666666668 0.2500053921605291
22.944444444444443 0.25009289083889097
22.97222222222222 0.2501803808670273
23.0 0.2502678622265946
23.02777777777778 0.25035533489927575
23.055555555555557 0.25044279886677956
23.083333333333332 0.2505302541108407
23.11111111111111 0.25061770061321953
23.13888888888889 0.2507051383557031
23.166666666666668 0.25079256732010324
23.194444444444443 0.2508799874882572
23.22222222222222 0.25096739884202857
23.25 0.25105480136330455
23.27777777777778 0.25114219503400076
23.305555555555557 0.25122957983605565
23.333333333333332 0.2513169557514337
23.36111111111111 0.2514043227621242
23.38888888888889 0.2514916808501422
23.416666666666668 0.25157902999752685
23.444444444444443 0.25166637018634286
23.47222222222222 0.25175370139867975
23.5 0.25184102361665106
23.52777777777778 0.25192833682239646
23.555555555555557 0.2520156409980796
23.583333333333332 0.25210293612588824
23.61111111111111 0.25219022218803483
23.63888888888889 0.2522774991667572
23.666666666666668 0.25236476704431643
23.694444444444443 0.2524520258029991
23.72222222222222 0.2525392754251154
23.75 0.25262651589299956
23.77777777777778 0.25271374718900996
23.805555555555557 0.2528009692955307
23.833333333333332 0.25288818219496856
23.86111111111111 0.25297538586975415
23.88888888888889 0.25306258030234263
23.916666666666668 0.2531497654752134
23.944444444444443 0.2532369413708687
23.97222222222222 0.25332410797183574
