0.0 1.0
0.1111111111111111 0.9192251173675797
0.2222222222222222 0.8718839375267474
0.3333333333333333 0.8339550988833737
0.4444444444444444 0.8010054602185778
0.5555555555555556 0.7714492414218969
0.6666666666666666 0.7445018672871254
0.7777777777777778 0.7197023059545633
0.8888888888888888 0.6967488422812251
1.0 0.6754283457408436
1.1111111111111112 0.6555809794526417
1.2222222222222223 0.6370807640104499
1.3333333333333333 0.619824149278246
1.4444444444444444 0.6037229969850997
1.5555555555555556 0.5887001410135821
1.6666666666666667 0.5746865145632549
1.7777777777777777 0.5616192550220565
1.8888888888888888 0.5494404301146559
2.0 0.538096164379082
2.111111111111111 0.5275360268074184
2.2222222222222223 0.5177125910362107
2.3333333333333335 0.5085811111784636
2.4444444444444446 0.5000992764487118
2.5555555555555554 0.4922270204843378
2.6666666666666665 0.484926369393749
2.7777777777777777 0.4781613177534345
2.888888888888889 0.47189772510450256
3.0 0.4661032276508825
3.111111111111111 0.4607471612744951
3.2222222222222223 0.4558004929365359
3.3333333333333335 0.4512357582044729
3.4444444444444446 0.4470270031403386
3.5555555555555554 0.44314972917303774
3.6666666666666665 0.43958083989382846
3.7777777777777777 0.4362985889808476
3.888888888888889 0.43328252868643724
4.0 0.4305134585152973
4.111111111111111 0.42797337388467016
4.222222222222222 0.4256454146913787
4.333333333333333 0.423513813816103
4.444444444444445 0.4215638456746952
4.555555555555555 0.4197817749820626
4.666666666666667 0.41815480592904336
4.777777777777778 0.41667103198996414
4.888888888888889 0.4153193865814033
5.0 0.4140895947842894
5.111111111111111 0.412972126324742
5.222222222222222 0.4119581499866404
5.333333333333333 0.4110394896030143
5.444444444444445 0.4102085817458303
5.555555555555555 0.40945843520605557
5.666666666666667 0.4087825923291225
5.777777777777778 0.4081750922458925
5.888888888888889 0.407630436016426
6.0 0.4071435536836456
6.111111111111111 0.4067097732164286
6.222222222222222 0.40632479130681576
6.333333333333333 0.4059846459737425
6.444444444444445 0.4056856909158558
6.555555555555555 0.40542457154834166
6.666666666666667 0.4051982026530386
6.777777777777778 0.4050037475672126
6.888888888888889 0.40483859883397344
7.0 0.40470036023621486
7.111111111111111 0.40458683013592284
7.222222222222222 0.4044959860415664
7.333333333333333 0.4044259703278438
7.444444444444445 0.4043750770341981
7.555555555555555 0.40434173967106923
7.666666666666667 0.40432451996573315
7.777777777777778 0.4043220974826695
7.888888888888889 0.4043332600566332
8.0 0.4043568949799122
8.11111111111111 0.4043919808885676
8.222222222222221 0.40443758029575577
8.333333333333334 0.40449283272344483
8.444444444444445 0.4045569483869971
8.555555555555555 0.4046292023901026
8.666666666666666 0.40470892939046454
8.777777777777779 0.404795518699406
8.88888888888889 0.40488840978119556
9.0 0.40498708812038275
9.11111111111111 0.40509108142777467
9.222222222222221 0.4051999561578851
9.333333333333334 0.40531331431275375
9.444444444444445 0.4054307905089571
9.555555555555555 0.40555204928643057
9.666666666666666 0.40567678263939283
9.777777777777779 0.4058047077512155
9.88888888888889 0.4059355649165271
10.0 0.4060691156351672
10.11111111111111 0.4062051408638515
10.222222222222221 0.4063434394125414
10.333333333333334 0.4064838264735708
10.444444444444445 0.40662613227255384
10.555555555555555 0.406770200830994
10.666666666666666 0.4069158888313414
10.777777777777779 0.40706306457600144
10.88888888888889 0.4072116070325048
11.0 0.4073614049576829
11.11111111111111 0.4075123560942925
11.222222222222221 0.4076643664340693
11.333333333333334 0.4078173495416958
11.444444444444445 0.40797122593461876
11.555555555555555 0.4081259225140819
11.666666666666666 0.40828137204311593
11.777777777777779 0.4084375126675875
11.88888888888889 0.4085942874767327
12.0 0.40875164409989595
12.11111111111111 0.408909534336473
12.222222222222221 0.4090679138162987
12.333333333333334 0.4092267416879632
12.444444444444445 0.4093859803327329
12.555555555555555 0.40954559510196464
12.666666666666666 0.40970555407606074
12.777777777777779 0.4098658278431878
12.88888888888889 0.4100263892961225
13.0 0.410187213445727
13.11111111111111 0.4103482772496817
13.222222222222221 0.4105095594552151
13.333333333333334 0.41067104045467767
13.444444444444445 0.4108327021529
13.555555555555555 0.41099452784536467
13.666666666666666 0.41115650210630567
13.777777777777779 0.41131861068591313
13.88888888888889 0.41148084041590005
14.0 0.4116431791227427
14.11111111111111 0.4118056155479657
14.222222222222221 0.41196813927489306
14.333333333333334 0.41213074066133826
14.444444444444445 0.4122934107777436
14.555555555555555 0.41245614135032826
14.666666666666666 0.41261892470882977
14.777777777777779 0.41278175373846965
14.88888888888889 0.412944621835795
15.0 0.41310752286808133
15.11111111111111 0.4132704511360078
15.222222222222221 0.4134334013393353
15.333333333333334 0.41359636854534787
15.444444444444445 0.4137593481598283
15.555555555555555 0.4139223359003667
15.666666666666666 0.41408532777180923
15.777777777777779 0.4142483200436748
15.88888888888889 0.41441130922938313
16.0 0.41457429206714125
16.11111111111111 0.414737265502363
16.22222222222222 0.4149002266714893
16.333333333333332 0.415063172887102
16.444444444444443 0.41522610162422496
16.555555555555557 0.41538901050771654
16.666666666666668 0.41555189730066605
16.77777777777778 0.4157147598937131
16.88888888888889 0.4158775962952174
17.0 0.4160404046222073
17.11111111111111 0.4162031830920482
17.22222222222222 0.41636593001477107
17.333333333333332 0.4165286437860088
17.444444444444443 0.41669132288049204
17.555555555555557 0.4168539658460589
17.666666666666668 0.41701657129813846
17.77777777777778 0.4171791379146705
17.88888888888889 0.4173416644314244
18.0 0.4175041496376891
18.11111111111111 0.41766659237230114
18.22222222222222 0.41782899151998526
18.333333333333332 0.4179913460079844
18.444444444444443 0.41815365480295213
18.555555555555557 0.41831591690809095
18.666666666666668 0.41847813136051415
18.77777777777778 0.4186402972288146
18.88888888888889 0.4188024136108239
19.0 0.41896447963154687
19.11111111111111 0.41912649444125794
19.22222222222222 0.41928845721374475
19.333333333333332 0.41945036714469114
19.444444444444443 0.41961222345018395
19.555555555555557 0.41977402536533753
19.666666666666668 0.41993577214302474
19.77777777777778 0.4200974630527067
19.88888888888889 0.4202590973793539
20.0 0.4204206744224498
20.11111111111111 0.4205821934950733
20.22222222222222 0.42074365392305063
20.333333333333332 0.4209050550441751
20.444444444444443 0.4210663962074839
20.555555555555557 0.4212276767725942
20.666666666666668 0.4213888961090876
20.77777777777778 0.4215500535959445
20.88888888888889 0.4217111486210196
21.0 0.4218721805805596
21.11111111111111 0.42203314887875654
21.22222222222222 0.42219405292733647
21.333333333333332 0.4223548921451791
21.444444444444443 0.42251566595796625
21.555555555555557 0.4226763737978575
21.666666666666668 0.4228370151031911
21.77777777777778 0.422997589318206
21.88888888888889 0.4231580958927864
22.0 0.4233185342822258
22.11111111111111 0.4234789039470076
22.22222222222222 0.4236392043526032
22.333333333333332 0.42379943496928557
22.444444444444443 0.4239595952719554
22.555555555555557 0.42411968473998257
22.666666666666668 0.42427970285705696
22.77777777777778 0.42443964911105175
22.88888888888889 0.4245995229938977
23.0 0.424759324001464
23.11111111111111 0.4249190516334513
23.22222222222222 0.4250787053932898
23.333333333333332 0.4252382847880459
23.444444444444443 0.4253977893283364
23.555555555555557 0.42555721852824785
23.666666666666668 0.4257165719052615
23.77777777777778 0.4258758489801851
23.88888888888889 0.4260350492770876
24.0 0.4261941723232401
