0.0 1.0
0.027777777777777776 0.9622141230084151
0.05555555555555555 0.941799919143489
0.08333333333333333 0.9256773565927064
0.1111111111111111 0.9116806279523896
0.1388888888888889 0.8990195268774641
0.16666666666666666 0.8873031819106287
0.19444444444444445 0.8763052876118855
0.2222222222222222 0.8658814961811608
0.25 0.8559333929352047
0.2777777777777778 0.8463904576131261
0.3055555555555556 0.837200133524303
0.3333333333333333 0.8283219747028249
0.3611111111111111 0.8197240142902184
0.3888888888888889 0.8113804168148046
0.4166666666666667 0.8032699072901128
0.4444444444444444 0.7953746879028323
0.4722222222222222 0.7876796703597422
0.5 0.7801719182257815
0.5277777777777778 0.772840232461945
0.5555555555555556 0.765674836891552
0.5833333333333334 0.7586671349252962
0.6111111111111112 0.75180951814873
0.6388888888888888 0.7450952133876887
0.6666666666666666 0.7385181588402777
0.6944444444444444 0.7320729025379175
0.7222222222222222 0.7257545182289102
0.75 0.7195585350525261
0.7777777777777778 0.7134808782729969
0.8055555555555556 0.7075178189898564
0.8333333333333334 0.7016659312123499
0.8611111111111112 0.6959220550336107
0.8888888888888888 0.690283264900721
0.9166666666666666 0.6847468421741633
0.9444444444444444 0.6793102513216602
0.9722222222222222 0.6739711192091318
1.0 0.6687272170439896
1.0277777777777777 0.663576444599557
1.0555555555555556 0.6585168164084956
1.0833333333333333 0.6535464496611025
1.1111111111111112 0.6486635535836694
1.1388888888888888 0.6438664201045957
1.1666666666666667 0.639153415643073
1.1944444444444444 0.6345229738779011
1.2222222222222223 0.629973589373232
1.25 0.625503811954403
1.2777777777777777 0.6211122417409826
1.3055555555555556 0.6167975247561415
1.3333333333333333 0.6125583490418045
1.3611111111111112 0.6083934412179544
1.3888888888888888 0.6043015634322009
1.4166666666666667 0.6002815106524606
1.4444444444444444 0.5963321082614287
1.4722222222222223 0.5924522099166426
1.5 0.5886406956443816
1.5277777777777777 0.584896470139547
1.5555555555555556 0.5812184612470731
1.5833333333333333 0.577605618603404
1.6111111111111112 0.5740569124191848
1.6388888888888888 0.5705713323866144
1.6666666666666667 0.5671478866969029
1.6944444444444444 0.5637856011550607
1.7222222222222223 0.5604835183807768
1.75 0.5572406970855147
1.7777777777777777 0.5540562114171375
1.8055555555555556 0.550929150364428
1.8333333333333333 0.5478586172147921
1.8611111111111112 0.5448437290592246
1.8888888888888888 0.5418836163393486
1.9166666666666667 0.5389774224319432
1.9444444444444444 0.536124303266931
1.9722222222222223 0.533323426975269
2.0 0.5305739735636199
2.0277777777777777 0.5278751346130294
2.0555555555555554 0.525226112999186
2.0833333333333335 0.5226261226321004
2.111111111111111 0.5200743882133027
2.138888888888889 0.5175701450088782
2.1666666666666665 0.5151126386368408
2.1944444444444446 0.5127011248675258
2.2222222222222223 0.5103348694358228
2.25 0.5080131478642008
2.2777777777777777 0.5057352452955935
2.3055555555555554 0.5035004563353069
2.3333333333333335 0.5013080849012053
2.361111111111111 0.49915744408150114
2.388888888888889 0.49704785599954654
2.4166666666666665 0.49497865168508026
2.4444444444444446 0.4929491709514383
2.4722222222222223 0.4909587622782765
2.5 0.48900678269939835
2.5277777777777777 0.4870925976953134
2.5555555555555554 0.48521558109018664
2.5833333333333335 0.48337511495285995
2.611111111111111 0.4815705895016552
2.638888888888889 0.4798014030126919
2.6666666666666665 0.47806696173146507
2.6944444444444446 0.4763666797874531
2.7222222222222223 0.4746999791115353
2.75 0.47306628935601597
2.7777777777777777 0.471465047817059
2.8055555555555554 0.4698956993593621
2.8333333333333335 0.46835769634288804
2.861111111111111 0.4668504985515001
2.888888888888889 0.46537357312334865
2.9166666666666665 0.4639263944828635
2.9444444444444446 0.4625084442742171
2.9722222222222223 0.46111921129613015
3.0 0.45975819143789626
3.0277777777777777 0.4584248876165134
3.0555555555555554 0.45711880971481045
3.0833333333333335 0.4558394745204651
3.111111111111111 0.4545864056658224
3.138888888888889 0.45335913356841234
3.1666666666666665 0.4521571953720886
3.1944444444444446 0.4509801348887039
3.2222222222222223 0.4498275025402483
3.25 0.44869885530137565
3.2777777777777777 0.4475937566422567
3.3055555555555554 0.4465117764716963
3.3333333333333335 0.44545249108045704
3.361111111111111 0.44441548308473783
3.388888888888889 0.4434003413697606
3.4166666666666665 0.4424066610334181
3.4444444444444446 0.44143404332994957
3.4722222222222223 0.44048209561360296
3.5 0.43955043128225374
3.5277777777777777 0.4386386697209538
3.5555555555555554 0.43774643624538473
3.5833333333333335 0.43687336204519445
3.611111111111111 0.4360190841272006
3.638888888888889 0.4351832452584441
3.6666666666666665 0.4343654939090839
3.6944444444444446 0.43356548419512236
3.7222222222222223 0.4327828758209566
3.75 0.43201733402175024
3.7777777777777777 0.43126852950562816
3.8055555555555554 0.43053613839569305
3.8333333333333335 0.4298198421718667
3.861111111111111 0.42911932761256516
3.888888888888889 0.42843428673620904
3.9166666666666665 0.42776441674258703
3.9444444444444446 0.4271094199540717
3.9722222222222223 0.42646900375671176
4.0 0.4258428805412057
4.027777777777778 0.4252307676437737
4.055555555555555 0.42463238728694697
4.083333333333333 0.42404746652028585
4.111111111111111 0.42347573716104897
4.138888888888889 0.4229169357348286
4.166666666666667 0.42237080341617317
4.194444444444445 0.4218370859692147
4.222222222222222 0.4213155336883233
4.25 0.4208059013388056
4.277777777777778 0.42030794809767313
4.305555555555555 0.4198214374944936
4.333333333333333 0.41934613735235415
4.361111111111111 0.41888181972895117
4.388888888888889 0.4184282608578301
4.416666666666667 0.41798524108979535
4.444444444444445 0.41755254483451176
4.472222222222222 0.4171299605023161
4.5 0.4167172804462588
4.527777777777778 0.41631430090439714
4.555555555555555 0.415920821942358
4.583333333333333 0.41553664739618773
4.611111111111111 0.41516158481550963
4.638888888888889 0.4147954454070064
4.666666666666667 0.4144380439782434
4.694444444444445 0.4140891988818528
4.722222222222222 0.4137487319600891
4.75 0.4134164684897784
4.777777777777778 0.41309223712767307
4.805555555555555 0.4127758698562243
4.833333333333333 0.4124672019297909
4.861111111111111 0.4121660718212955
4.888888888888889 0.41187232116933736
4.916666666666667 0.4115857947257817
4.944444444444445 0.4113063403038274
4.972222222222222 0.4110338087265718
5.0 0.41076805377607734
5.027777777777778 0.4105089321429507
5.055555555555555 0.4102563033764463
5.083333333333333 0.41001002983509804
5.111111111111111 0.4097699766378874
5.138888888888889 0.4095360116159575
5.166666666666667 0.4093080052648779
5.194444444444445 0.40908583069746524
5.222222222222222 0.4088693635971661
5.25 0.4086584821720042
5.277777777777778 0.4084530671090993
5.305555555555555 0.4082530015297606
5.333333333333333 0.4080581709451549
5.361111111111111 0.4078684632125556
5.388888888888889 0.4076837684921719
5.416666666666667 0.40750397920456144
5.444444444444445 0.4073289899886251
5.472222222222222 0.40715869766018997
5.5 0.40699300117117254
5.527777777777778 0.4068318015693294
5.555555555555555 0.4066750019585907
5.583333333333333 0.4065225074599767
5.611111111111111 0.40637422517309496
5.638888888888889 0.4062300641382194
5.666666666666667 0.40608993529894516
5.694444444444445 0.40595375146542
5.722222222222222 0.405821427278148
5.75 0.4056928791723638
5.777777777777778 0.40556802534297326
5.805555555555555 0.40544678571005593
5.833333333333333 0.4053290818849303
5.861111111111111 0.4052148371367716
5.888888888888889 0.4051039763597821
5.916666666666667 0.4049964260409095
5.944444444444445 0.4048921142281058
5.972222222222222 0.40479097049912566
6.0 0.4046929259308574
6.027777777777778 0.40459791306918125
6.055555555555555 0.40450586589935045
6.083333333333333 0.4044167198168902
6.111111111111111 0.4043304115990082
6.138888888888889 0.40424687937651216
6.166666666666667 0.40416606260622656
6.194444444444445 0.4040879020439043
6.222222222222222 0.4040123397176312
6.25 0.40393931890170803
6.277777777777778 0.4038687840910141
6.305555555555555 0.40380068097583977
6.333333333333333 0.40373495641718554
6.361111111111111 0.4036715584225189
6.388888888888889 0.4036104361219837
6.416666666666667 0.4035515397450586
6.444444444444445 0.40349482059765296
6.472222222222222 0.40344023103963816
6.5 0.40338772446280774
6.527777777777778 0.40333725526925723
6.555555555555555 0.4032887788501824
6.583333333333333 0.40324225156508275
6.611111111111111 0.4031976307213718
6.638888888888889 0.40315487455438154
6.666666666666667 0.40311394220775953
6.694444444444445 0.4030747937142494
6.722222222222222 0.4030373899768488
6.75 0.4030016927503413
6.777777777777778 0.4029676646231938
6.805555555555555 0.4029352689998133
6.833333333333333 0.40290447008315905
6.861111111111111 0.40287523285770216
6.888888888888889 0.4028475230727277
6.916666666666667 0.4028213072259733
6.944444444444445 0.4027965525475978
6.972222222222222 0.4027732269844756
7.0 0.4027512991848111
7.027777777777778 0.40273073848306357
7.055555555555555 0.4027115148851838
7.083333333333333 0.4026935990541514
7.111111111111111 0.4026769622958078
7.138888888888889 0.40266157654498463
7.166666666666667 0.40264741435191487
7.194444444444445 0.40263444886892646
7.222222222222222 0.40262265383741297
7.25 0.40261200357507315
7.277777777777778 0.40260247296341717
7.305555555555555 0.40259403743553307
7.333333333333333 0.40258667296410994
7.361111111111111 0.4025803560497109
7.388888888888889 0.40257506370929313
7.416666666666667 0.40257077346496883
7.444444444444445 0.4025674633330033
7.472222222222222 0.4025651118130446
7.5 0.40256369787758184
7.527777777777778 0.4025632009616253
7.555555555555555 0.4025636009526077
7.583333333333333 0.40256487818049813
7.611111111111111 0.4025670134081257
7.638888888888889 0.4025699878217115
7.666666666666667 0.4025737830216024
7.694444444444445 0.40257838101319987
7.722222222222222 0.4025837641980876
7.75 0.402589915365344
7.777777777777778 0.4025968176830464
7.805555555555555 0.40260445468995304
7.833333333333333 0.4026128102873673
7.861111111111111 0.4026218687311749
7.888888888888889 0.40263161462405417
7.916666666666667 0.40264203290785405
7.944444444444445 0.40265310885613603
7.972222222222222 0.40266482806687803
8.0 0.4026771764553373
8.027777777777779 0.40269014024706473
8.055555555555555 0.40270370597107447
8.083333333333334 0.4027178604531599
8.11111111111111 0.4027325908093534
8.13888888888889 0.4027478844395328
8.166666666666666 0.40276372902116175
8.194444444444445 0.4027801125031704
8.222222222222221 0.40279702309996746
8.25 0.40281444928558313
8.277777777777779 0.40283237978794134
8.305555555555555 0.4028508035832548
8.333333333333334 0.402869709890545
8.36111111111111 0.4028890881662795
8.38888888888889 0.4029089280991303
8.416666666666666 0.4029292196048428
8.444444444444445 0.4029499528212206
8.472222222222221 0.40297111810321856
8.5 0.40299270601814396
8.527777777777779 0.40301470734096306
8.555555555555555 0.40303711304971185
8.583333333333334 0.40305991432100546
8.61111111111111 0.40308310252564833
8.63888888888889 0.4031066692243396
8.666666666666666 0.403130606163474
8.694444444444445 0.4031549052710355
8.722222222222221 0.4031795586525801
8.75 0.4032045585873083
8.777777777777779 0.4032298975242234
8.805555555555555 0.4032555680783752
8.833333333333334 0.4032815630271871
8.86111111111111 0.4033078753068627
8.88888888888889 0.4033344980088728
8.916666666666666 0.4033614243765197
8.944444444444445 0.403388647801579
8.972222222222221 0.40341616182101175
9.0 0.40344396011375444
9.027777777777779 0.40347203649757457
9.055555555555555 0.4035003849260015
9.083333333333334 0.40352899948532
9.11111111111111 0.4035578743916339
9.13888888888889 0.40358700398799324
9.166666666666666 0.4036163827415843
9.194444444444445 0.4036460052409854
9.222222222222221 0.403675866193478
9.25 0.4037059604224224
9.277777777777779 0.40373628286468877
9.305555555555555 0.4037668285681461
9.333333333333334 0.4037975926892064
9.36111111111111 0.40382857049042475
9.38888888888889 0.40385975733815016
9.416666666666666 0.4038911487002302
9.444444444444445 0.40392274014376606
9.472222222222221 0.40395452733291853
9.5 0.4039865060267598
9.527777777777779 0.40401867207717707
9.555555555555555 0.40405102142681865
9.583333333333334 0.4040835501070882
9.61111111111111 0.40411625423618236
9.63888888888889 0.40414913001717284
9.666666666666666 0.40418217373612986
9.694444444444445 0.404215381760288
9.722222222222221 0.4042487505362535
9.75 0.4042822765882495
9.777777777777779 0.4043159565164027
9.805555555555555 0.40434978699506535
9.833333333333334 0.40438376477117566
9.86111111111111 0.40441788666265566
9.88888888888889 0.4044521495568441
9.916666666666666 0.4044865504089626
9.944444444444445 0.40452108624061833
9.972222222222221 0.4045557541383372
10.0 0.40459055125213234
10.027777777777779 0.4046254747941023
10.055555555555555 0.404660522037063
10.083333333333334 0.4046956903132047
10.11111111111111 0.40473097701278593
10.13888888888889 0.40476637958285133
10.166666666666666 0.40480189552597895
10.194444444444445 0.40483752239905685
10.222222222222221 0.40487325781208494
10.25 0.40490909942700554
10.277777777777779 0.4049450449565578
10.305555555555555 0.4049810921631582
10.333333333333334 0.4050172388578073
10.36111111111111 0.40505348289901894
10.38888888888889 0.4050898221917732
10.416666666666666 0.40512625468649466
10.444444444444445 0.4051627783780507
10.472222222222221 0.4051993913047741
10.5 0.4052360915475055
10.527777777777779 0.40527287722865946
10.555555555555555 0.40530974651130813
10.583333333333334 0.4053466975982887
10.61111111111111 0.4053837287313274
10.63888888888889 0.4054208381901856
10.666666666666666 0.4054580242918227
10.694444444444445 0.4054952853895788
10.722222222222221 0.40553261987237565
10.75 0.405570026163935
10.777777777777779 0.40560750272201257
10.805555555555555 0.4056450480376522
10.833333333333334 0.4056826606344547
10.86111111111111 0.4057203390678625
10.88888888888889 0.4057580819244609
10.916666666666666 0.4057958878212946
10.944444444444445 0.4058337554051996
10.972222222222221 0.40587168335214935
11.0 0.4059096703666162
11.027777777777779 0.4059477151809456
11.055555555555555 0.40598581655474597
11.083333333333334 0.40602397327428996
11.11111111111111 0.40606218415193185
11.13888888888889 0.40610044802553447
11.166666666666666 0.40613876375791114
11.194444444444445 0.40617713023627894
11.222222222222221 0.4062155463717244
11.25 0.4062540110986814
11.277777777777779 0.4062925233744202
11.305555555555555 0.4063310821785462
11.333333333333334 0.40636968651251326
11.36111111111111 0.40640833539914506
11.38888888888889 0.40644702788216736
11.416666666666666 0.40648576302575146
11.444444444444445 0.40652453991406684
11.472222222222221 0.4065633576508454
11.5 0.4066022153589524
11.527777777777779 0.40664111217996923
11.555555555555555 0.4066800472737844
11.583333333333334 0.4067190198181942
11.61111111111111 0.406758029008512
11.63888888888889 0.4067970740571852
11.666666666666666 0.40683615419342156
11.694444444444445 0.4068752686628242
11.722222222222221 0.40691441672703343
11.75 0.4069535976633768
11.777777777777779 0.4069928107645273
11.805555555555555 0.40703205533816983
11.833333333333334 0.407071330706673
11.86111111111111 0.4071106362067696
11.88888888888889 0.40714997118924345
11.916666666666666 0.4071893350186242
11.944444444444445 0.4072287270728873
11.972222222222221 0.40726814674316214
12.0 0.4073075934334447
12.027777777777779 0.40734706656031855
12.055555555555555 0.40738656555268093
12.083333333333334 0.4074260898514744
12.11111111111111 0.4074656389094266
12.13888888888889 0.40750521219079144
12.166666666666666 0.4075448091711017
12.194444444444445 0.4075844293369211
12.222222222222221 0.40762407218560726
12.25 0.4076637372250757
12.277777777777779 0.4077034239735711
12.305555555555555 0.40774313195944323
12.333333333333334 0.4077828607209277
12.36111111111111 0.407822609805932
12.38888888888889 0.40786237877182424
12.416666666666666 0.40790216718522965
12.444444444444445 0.4079419746218289
12.472222222222221 0.4079818006661625
12.5 0.4080216449114388
12.527777777777779 0.4080615069593453
12.555555555555555 0.4081013864198664
12.583333333333334 0.4081412829111025
12.61111111111111 0.40818119605909625
12.63888888888889 0.4082211254976584
12.666666666666666 0.4082610708682008
12.694444444444445 0.4083010318195722
12.722222222222221 0.40834100800789724
12.75 0.40838099909641934
12.777777777777779 0.40842100475534665
12.805555555555555 0.40846102466170087
12.833333333333334 0.4085010584991721
12.86111111111111 0.40854110595797255
12.88888888888889 0.40858116673469747
12.916666666666666 0.4086212405321856
12.944444444444445 0.4086613270593867
12.972222222222221 0.4087014260312281
13.0 0.40874153716848566
13.027777777777779 0.4087816601976591
13.055555555555555 0.40882179485084724
13.083333333333334 0.4088619408656281
13.11111111111111 0.4089020979849406
13.13888888888889 0.40894226595696886
13.166666666666666 0.4089824445350298
13.194444444444445 0.40902263347746187
13.222222222222221 0.4090628325475184
13.25 0.4091030415132596
13.277777777777779 0.409143260147452
13.305555555555555 0.40918348822746475
13.333333333333334 0.40922372553517194
13.36111111111111 0.4092639718568552
13.38888888888889 0.4093042269831099
13.416666666666666 0.40934449070875156
13.444444444444445 0.409384762832726
13.472222222222221 0.4094250431580195
13.5 0.40946533149157327
13.527777777777779 0.4095056276441986
13.555555555555555 0.4095459314304922
13.583333333333334 0.40958624266875715
13.61111111111111 0.4096265611809227
13.63888888888889 0.40966688679246566
13.666666666666666 0.40970721933233506
13.694444444444445 0.40974755863287904
13.722222222222221 0.40978790452976954
13.75 0.40982825686193286
13.777777777777779 0.4098686154714799
13.805555555555555 0.4099089802036374
13.833333333333334 0.4099493509066817
13.86111111111111 0.4099897274318737
13.88888888888889 0.4100301096333945
13.916666666666666 0.4100704973682834
13.944444444444445 0.41011089049637717
13.972222222222221 0.41015128888024915
14.0 0.4101916923851521
14.027777777777779 0.4102321008789605
14.055555555555555 0.4102725142321146
14.083333333333334 0.4103129323175652
14.11111111111111 0.41035335501072134
14.13888888888889 0.4103937821893967
14.166666666666666 0.41043421373375877
14.194444444444445 0.4104746495262788
14.222222222222221 0.41051508945168314
14.25 0.4105555333969041
14.277777777777779 0.4105959812510338
14.305555555555555 0.4106364329052787
14.333333333333334 0.4106768882529134
14.36111111111111 0.41071734718923714
14.38888888888889 0.4107578096115314
14.416666666666666 0.4107982754190173
14.444444444444445 0.4108387445128136
14.472222222222221 0.4108792167958984
14.5 0.41091969217306756
14.527777777777779 0.4109601705508969
14.555555555555555 0.4110006518377053
14.583333333333334 0.4110411359435164
14.61111111111111 0.41108162278002347
14.63888888888889 0.4111221122605534
14.666666666666666 0.4111626043000319
14.694444444444445 0.41120309881495076
14.722222222222221 0.4112435957233334
14.75 0.4112840949447035
14.777777777777779 0.4113245964000524
14.805555555555555 0.41136510001180887
14.833333333333334 0.41140560570380813
14.86111111111111 0.41144611340126247
14.88888888888889 0.41148662303073125
14.916666666666666 0.411527134520094
14.944444444444445 0.4115676477985226
14.972222222222221 0.41160816279645107
15.0 0.41164867944555267
15.027777777777779 0.41168919767871165
15.055555555555555 0.4117297174299983
15.083333333333334 0.4117702386346441
15.11111111111111 0.4118107612290165
15.13888888888889 0.4118512851505962
15.166666666666666 0.41189181033795286
15.194444444444445 0.411932336730723
15.222222222222221 0.4119728642695861
15.25 0.41201339289624433
15.277777777777779 0.41205392255339973
15.305555555555555 0.4120944531847347
15.333333333333334 0.41213498473489
15.36111111111111 0.41217551714944506
15.38888888888889 0.4122160503748987
15.416666666666666 0.4122565843586499
15.444444444444445 0.412297119048978
15.472222222222221 0.4123376543950255
15.5 0.41237819034677886
15.527777777777779 0.4124187268550515
15.555555555555555 0.412459263871467
15.583333333333334 0.41249980134844116
15.61111111111111 0.4125403392391652
15.63888888888889 0.4125808774975913
15.666666666666666 0.4126214160784153
15.694444444444445 0.412661954937061
15.722222222222221 0.4127024940296663
15.75 0.41274303331306655
15.777777777777779 0.4127835727447821
15.805555555555555 0.4128241122830021
15.833333333333334 0.4128646518865718
15.86111111111111 0.41290519151497823
15.88888888888889 0.41294573112833766
15.916666666666666 0.4129862706873814
15.944444444444445 0.4130268101534442
15.972222222222221 0.41306734948845075
16.0 0.41310788865490455
16.02777777777778 0.4131484276158744
16.055555555555557 0.4131889663349836
16.083333333333332 0.41322950477639947
16.11111111111111 0.4132700429048194
16.13888888888889 0.4133105806854629
16.166666666666668 0.41335111808405856
16.194444444444443 0.413391655066835
16.22222222222222 0.41343219160050965
16.25 0.4134727276522786
16.27777777777778 0.4135132631898078
16.305555555555557 0.41355379818122207
16.333333333333332 0.4135943325950967
16.36111111111111 0.4136348664004479
16.38888888888889 0.4136753995667225
16.416666666666668 0.4137159320637918
16.444444444444443 0.4137564638619397
16.47222222222222 0.4137969949318572
16.5 0.41383752524463113
16.52777777777778 0.4138780547717387
16.555555555555557 0.413918583485038
16.583333333333332 0.4139591113567601
16.61111111111111 0.4139996383595027
16.63888888888889 0.41404016446622155
16.666666666666668 0.4140806896502233
16.694444444444443 0.4141212138851579
16.72222222222222 0.4141617371450133
16.75 0.4142022594041067
16.77777777777778 0.4142427806370791
16.805555555555557 0.41428330081888715
16.833333333333332 0.4143238199247989
16.86111111111111 0.41436433793038624
16.88888888888889 0.41440485481151845
16.916666666666668 0.4144453705443572
16.944444444444443 0.41448588510534917
16.97222222222222 0.4145263984712217
17.0 0.414566910618977
17.02777777777778 0.4146074215258854
17.055555555555557 0.41464793116948184
17.083333333333332 0.414688439527558
17.11111111111111 0.4147289465781595
17.13888888888889 0.4147694522995798
17.166666666666668 0.4148099566703549
17.194444444444443 0.41485045966925926
17.22222222222222 0.4148909612753006
17.25 0.41493146146771565
17.27777777777778 0.4149719602259639
17.305555555555557 0.4150124575297258
17.333333333333332 0.41505295335889614
17.36111111111111 0.41509344769358164
17.38888888888889 0.4151339405140944
17.416666666666668 0.4151744318009503
17.444444444444443 0.4152149215348634
17.47222222222222 0.4152554096967421
17.5 0.4152958962676861
17.52777777777778 0.41533638122898164
17.555555555555557 0.4153768645620992
17.583333333333332 0.4154173462486878
17.61111111111111 0.4154578262705731
17.63888888888889 0.4154983046097543
17.666666666666668 0.4155387812483988
17.694444444444443 0.41557925616884045
17.72222222222222 0.41561972935357605
17.75 0.4156602007852616
17.77777777777778 0.41570067044671016
17.805555555555557 0.4157411383208873
17.833333333333332 0.4157816043909099
17.86111111111111 0.4158220686400419
17.88888888888889 0.41586253105169174
17.916666666666668 0.41590299160940997
17.944444444444443 0.41594345029688606
17.97222222222222 0.41598390709794647
18.0 0.41602436199655063
18.02777777777778 0.41606481497678904
18.055555555555557 0.4161052660228821
18.083333333333332 0.4161457151191754
18.11111111111111 0.41618616225013877
18.13888888888889 0.41622660740036316
18.166666666666668 0.4162670505545589
18.194444444444443 0.4163074916975532
18.22222222222222 0.4163479308142876
18.25 0.41638836788981665
18.27777777777778 0.4164288029093043
18.305555555555557 0.4164692358580237
18.333333333333332 0.4165096667213539
18.36111111111111 0.41655009548477806
18.38888888888889 0.41659052213388176
18.416666666666668 0.4166309466543511
18.444444444444443 0.4166713690319697
18.47222222222222 0.41671178925261915
18.5 0.4167522073022752
18.52777777777778 0.4167926231670067
18.555555555555557 0.4168330368329742
18.583333333333332 0.4168734482864271
18.61111111111111 0.4169138575137038
18.63888888888889 0.4169542645012287
18.666666666666668 0.41699466923551065
18.694444444444443 0.41703507170314275
18.72222222222222 0.4170754718907991
18.75 0.4171158697852342
18.77777777777778 0.4171562653732814
18.805555555555557 0.4171966586418518
18.833333333333332 0.41723704957793173
18.86111111111111 0.4172774381685829
18.88888888888889 0.4173178244009403
18.916666666666668 0.4173582082622102
18.944444444444443 0.41739858973967026
18.97222222222222 0.4174389688206677
19.0 0.41747934549261745
19.02777777777778 0.4175197197430018
19.055555555555557 0.4175600915593684
19.083333333333332 0.41760046092933034
19.11111111111111 0.4176408278405642
19.13888888888889 0.41768119228080813
19.166666666666668 0.4177215542378628
19.194444444444443 0.41776191369958826
19.22222222222222 0.41780227065390424
19.25 0.4178426250887892
19.27777777777778 0.41788297699227794
19.305555555555557 0.4179233263524621
19.333333333333332 0.41796367315748884
19.36111111111111 0.4180040173955593
19.38888888888889 0.4180443590549281
19.416666666666668 0.41808469812390275
19.444444444444443 0.41812503459084227
19.47222222222222 0.4181653684441568
19.5 0.4182056996723061
19.52777777777778 0.418246028263799
19.555555555555557 0.41828635420719334
19.583333333333332 0.41832667749109403
19.61111111111111 0.41836699810415323
19.63888888888889 0.418407316035069
19.666666666666668 0.41844763127258405
19.694444444444443 0.41848794380548654
19.72222222222222 0.41852825362260815
19.75 0.4185685607128243
19.77777777777778 0.4186088650650514
19.805555555555557 0.41864916666824953
19.833333333333332 0.41868946551141867
19.86111111111111 0.4187297615835996
19.88888888888889 0.4187700548738737
19.916666666666668 0.4188103453713606
19.944444444444443 0.41885063306521947
19.97222222222222 0.41889091794464717
20.0 0.418931199998878
20.02777777777778 0.4189714792171828
20.055555555555557 0.41901175558887027
20.083333333333332 0.419052029103284
20.11111111111111 0.4190922997498023
20.13888888888889 0.4191325675178389
20.166666666666668 0.4191728323968426
20.194444444444443 0.4192130943762947
20.22222222222222 0.4192533534457104
20.25 0.41929360959463774
20.27777777777778 0.41933386281265717
20.305555555555557 0.4193741130893809
20.333333333333332 0.41941436041445235
20.36111111111111 0.4194546047775466
20.38888888888889 0.4194948461683686
20.416666666666668 0.41953508457665406
20.444444444444443 0.4195753199921681
20.47222222222222 0.41961555240470566
20.5 0.41965578180408936
20.52777777777778 0.419696008180172
20.555555555555557 0.41973623152283346
20.583333333333332 0.41977645182198153
20.61111111111111 0.41981666906755216
20.63888888888889 0.4198568832495075
20.666666666666668 0.4198970943578369
20.694444444444443 0.4199373023825561
20.72222222222222 0.41997750731370675
20.75 0.4200177091413562
20.77777777777778 0.420057907855597
20.805555555555557 0.4200981034465475
20.833333333333332 0.42013829590434987
20.86111111111111 0.42017848521917184
20.88888888888889 0.4202186713812044
20.916666666666668 0.42025885438066246
20.944444444444443 0.4202990342077848
20.97222222222222 0.42033921085283427
21.0 0.42037938430609567
21.02777777777778 0.4204195545578767
21.055555555555557 0.420459721598508
21.083333333333332 0.4204998854183419
21.11111111111111 0.42054004600775335
21.13888888888889 0.4205802033571388
21.166666666666668 0.4206203574569166
21.194444444444443 0.4206605082975253
21.22222222222222 0.42070065586942607
21.25 0.42074080016309945
21.27777777777778 0.42078094116904785
21.305555555555557 0.4208210788777933
21.333333333333332 0.4208612132798776
21.36111111111111 0.4209013443658632
21.38888888888889 0.4209414721263327
21.416666666666668 0.42098159655188755
21.444444444444443 0.42102171763314833
21.47222222222222 0.42106183536075575
21.5 0.4211019497253684
21.52777777777778 0.4211420607176645
21.555555555555557 0.42118216832834066
21.583333333333332 0.42122227254811223
21.61111111111111 0.42126237336771216
21.63888888888889 0.4213024707778918
21.666666666666668 0.42134256476942056
21.694444444444443 0.4213826553330858
21.72222222222222 0.4214227424596918
21.75 0.42146282614006114
21.77777777777778 0.4215029063650326
21.805555555555557 0.4215429831254637
21.833333333333332 0.42158305641222765
21.86111111111111 0.42162312621621484
21.88888888888889 0.4216631925283325
21.916666666666668 0.4217032553395046
21.944444444444443 0.4217433146406712
21.97222222222222 0.421783370422789
22.0 0.421823422676831
22.02777777777778 0.4218634713937852
22.055555555555557 0.4219035165646571
22.083333333333332 0.4219435581804667
22.11111111111111 0.4219835962322503
22.13888888888889 0.4220236307110603
22.166666666666668 0.4220636616079631
22.194444444444443 0.4221036889140421
22.22222222222222 0.42214371262039413
22.25 0.4221837327181332
22.27777777777778 0.42222374919838657
22.305555555555557 0.42226376205229743
22.333333333333332 0.4223037712710233
22.36111111111111 0.4223437768457364
22.38888888888889 0.42238377876762406
22.416666666666668 0.42242377702788747
22.444444444444443 0.4224637716177431
22.47222222222222 0.422503762528421
22.5 0.4225437497511651
22.52777777777778 0.422583733277235
22.555555555555557 0.4226237130979029
22.583333333333332 0.42266368920445585
22.61111111111111 0.42270366158819467
22.63888888888889 0.42274363024043327
22.666666666666668 0.42278359515250036
22.694444444444443 0.4228235563157372
22.72222222222222 0.42286351372149944
22.75 0.422903467361156
22.77777777777778 0.42294341722608947
22.805555555555557 0.42298336330769576
22.833333333333332 0.42302330559738355
22.86111111111111 0.4230632440865749
22.88888888888889 0.4231031787667059
22.916666666666668 0.42314310962922447
22.944444444444443 0.42318303666559204
22.97222222222222 0.4232229598672836
23.0 0.42326287922578604
23.02777777777778 0.42330279473259985
23.055555555555557 0.42334270637923777
23.083333333333332 0.42338261415722545
23.11111111111111 0.42342251805810144
23.13888888888889 0.42346241807341634
23.166666666666668 0.42350231419473383
23.194444444444443 0.42354220641363
23.22222222222222 0.4235820947216928
23.25 0.42362197911052335
23.27777777777778 0.42366185957173474
23.305555555555557 0.4237017360969525
23.333333333333332 0.4237416086778138
23.36111111111111 0.4237814773059684
23.38888888888889 0.423821341973079
23.416666666666668 0.4238612026708192
23.444444444444443 0.4239010593908743
23.47222222222222 0.42394091212494295
23.5 0.4239807608647356
23.52777777777778 0.4240206056019737
23.555555555555557 0.42406044632839096
23.583333333333332 0.424100283035733
23.61111111111111 0.42414011571575705
23.63888888888889 0.42417994436023254
23.666666666666668 0.4242197689609402
23.694444444444443 0.4242595895096724
23.72222222222222 0.4242994059982334
23.75 0.42433921841843886
23.77777777777778 0.4243790267621158
23.805555555555557 0.4244188310211034
23.833333333333332 0.42445863118725163
23.86111111111111 0.42449842725242226
23.88888888888889 0.42453821920848867
23.916666666666668 0.424578007047335
23.944444444444443 0.42461779076085737
23.97222222222222 0.42465757034096263
