0.0 0.0
0.027777777777777776 0.09188984628262453
0.05555555555555555 0.16981186494783349
0.08333333333333333 0.23815389304525744
0.1111111111111111 0.29916920374739864
0.1388888888888889 0.3542544410844485
0.16666666666666666 0.404377802409271
0.19444444444444445 0.4502571038284583
0.2222222222222222 0.4924467453197268
0.25 0.5313864314651434
0.2777777777777778 0.5674316806207425
0.3055555555555556 0.60087452412664
0.3333333333333333 0.6319582896414454
0.3611111111111111 0.6608884819928063
0.3888888888888889 0.6878409271136156
0.4166666666666667 0.7129679250608544
0.4444444444444444 0.7364029264166313
0.4722222222222222 0.758264103459046
0.5 0.7786570909840419
0.5277777777777778 0.7976771024518798
0.5555555555555556 0.8154105758479535
0.5833333333333334 0.8319364651008984
0.6111111111111112 0.847327263820495
0.6388888888888888 0.8616498262114133
0.6666666666666666 0.8749660335755385
0.6944444444444444 0.8873333425226212
0.7222222222222222 0.8988052418524375
0.75 0.9094316382711739
0.7777777777777778 0.9192591860643029
0.8055555555555556 0.9283315721161981
0.8333333333333334 0.936689764903768
0.8611111111111112 0.9443722340439575
0.8888888888888888 0.9514151454549481
0.9166666666666666 0.957852536059112
0.9444444444444444 0.9637164711097953
0.9722222222222222 0.9690371865884316
1.0 0.973843218638092
1.0277777777777777 0.978161521633792
1.0555555555555556 0.9820175762090453
1.0833333333333333 0.9854354883404416
1.1111111111111112 0.9884380804215286
1.1388888888888888 0.9910469751221745
1.1666666666666667 0.9932826727212819
1.1944444444444444 0.9951646225128122
1.2222222222222223 0.9967112888128239
1.25 0.9979402120351064
1.2777777777777777 0.9988680652523989
1.3055555555555556 0.9995107066170948
1.3333333333333333 0.999883227978307
1.3611111111111112 1.0
1.3888888888888888 0.9998747140567827
1.4166666666666667 0.9995204211591392
1.4444444444444444 0.9989495681378757
1.4722222222222223 0.9981740312979447
1.5 0.9972051477342109
1.5277777777777777 0.996053744485903
1.5555555555555556 0.9947301656922001
1.5833333333333333 0.9932442978984666
1.6111111111111112 0.9916055936508851
1.6388888888888888 0.9898230935065508
1.6666666666666667 0.9879054465763341
1.6944444444444444 0.9858609297088945
1.7222222222222223 0.9836974654160944
1.75 0.9814226386325527
1.7777777777777777 0.9790437123952427
1.8055555555555556 0.9765676425227113
1.8333333333333333 0.9740010913676903
1.8611111111111112 0.9713504407115097
1.8888888888888888 0.9686218038637886
1.9166666666666667 0.9658210370263002
1.9444444444444444 0.9629537499756723
1.9722222222222223 0.9600253161156774
2.0 0.9570408819462108
2.0277777777777777 0.9540053759926923
2.0555555555555554 0.9509235172364644
2.0833333333333335 0.9477998230838424
2.111111111111111 0.9446386169087424
2.138888888888889 0.9414440352012565
2.1666666666666665 0.938220034352171
2.1944444444444446 0.9349703971012017
2.2222222222222223 0.9316987386746338
2.25 0.9284085126361111
2.2777777777777777 0.9251030164724959
2.3055555555555554 0.9217853969350164
2.3333333333333335 0.9184586551543176
2.361111111111111 0.9151256515465371
2.388888888888889 0.911789110526129
2.4166666666666665 0.908451625039842
2.4444444444444446 0.9051156609350458
2.4722222222222223 0.901783561174435
2.5 0.8984575499080965
2.5277777777777777 0.8951397364129013
2.5555555555555554 0.8918321189082861
2.5833333333333335 0.8885365882565963
2.611111111111111 0.8852549315553867
2.638888888888889 0.8819888356283231
2.6666666666666665 0.8787398904206447
2.6944444444444446 0.8755095923045194
2.7222222222222223 0.8722993472990406
2.75 0.8691104742090842
2.7777777777777777 0.8659442076867614
2.8055555555555554 0.8628017012187481
2.8333333333333335 0.8596840300423918
2.861111111111111 0.8565921939931102
2.888888888888889 0.853527120285289
2.9166666666666665 0.8504896662285867
2.9444444444444446 0.8474806218812929
2.9722222222222223 0.8445007126421615
3.0 0.8415506017819441
3.0277777777777777 0.8386308929156622
3.0555555555555554 0.8357421324165194
3.0833333333333335 0.8328848117722194
3.111111111111111 0.8300593698843508
3.138888888888889 0.8272661953114153
3.1666666666666665 0.8245056284559984
3.1944444444444446 0.8217779636965324
3.2222222222222223 0.8190834514640601
3.25 0.8164223002643741
3.2777777777777777 0.813794678645899
3.3055555555555554 0.8112007171136653
3.3333333333333335 0.8086405099897367
3.361111111111111 0.8061141172204551
3.388888888888889 0.803621566130885
3.4166666666666665 0.8011628531268583
3.4444444444444446 0.7987379453450546
3.4722222222222223 0.7963467822515634
3.5 0.7939892771894327
3.5277777777777777 0.7916653188757138
3.5555555555555554 0.7893747728485737
3.5833333333333335 0.7871174828650627
3.611111111111111 0.7848932722501736
3.638888888888889 0.7827019451978632
3.6666666666666665 0.7805432880247353
3.6944444444444446 0.7784170703771299
3.7222222222222223 0.7763230463923887
3.75 0.7742609558151016
3.7777777777777777 0.7722305250691688
3.8055555555555554 0.7702314682865403
3.8333333333333335 0.7682634882935204
3.861111111111111 0.7663262775555499
3.888888888888889 0.7644195190813927
3.9166666666666665 0.7625428872876859
3.9444444444444446 0.7606960488248098
3.9722222222222223 0.7588786633650628
4.0 0.7570903843541336
4.027777777777778 0.7553308597268642
4.055555555555555 0.7535997325883119
4.083333333333333 0.7518966418611215
4.111111111111111 0.7502212229002122
4.138888888888889 0.7485731080757968
4.166666666666667 0.7469519273257316
4.194444444444445 0.745357308678208
4.222222222222222 0.7437888787457747
4.25 0.7422462631916823
4.277777777777778 0.7407290871695258
4.305555555555555 0.7392369757371523
4.333333333333333 0.7377695542457859
4.361111111111111 0.7363264487053107
4.388888888888889 0.7349072861266326
4.416666666666667 0.7335116948420305
4.444444444444445 0.7321393048043844
4.472222222222222 0.7307897478661526
4.5 0.72946265803895
4.527777777777778 0.7281576717345648
4.555555555555555 0.7268744279882167
4.583333333333333 0.7256125686648615
4.611111111111111 0.7243717386493014
4.638888888888889 0.72315158602086
4.666666666666667 0.7219517622133435
4.694444444444445 0.7207719221609994
4.722222222222222 0.7196117244311556
4.75 0.7184708313442033
4.777777777777778 0.7173489090815645
4.805555555555555 0.7162456277822682
4.833333333333333 0.7151606616287255
4.861111111111111 0.7140936889222899
4.888888888888889 0.7130443921491543
4.916666666666667 0.7120124580371185
4.944444444444445 0.7109975776037495
4.972222222222222 0.7099994461964219
5.0 0.7090177635247175
5.027777777777778 0.7080522336856431
5.055555555555555 0.7071025651820972
5.083333333333333 0.7061684709350107
5.111111111111111 0.7052496682895592
5.138888888888889 0.7043458790158319
5.166666666666667 0.7034568293043231
5.194444444444445 0.7025822497565951
5.222222222222222 0.701721875371448
5.25 0.7008754455269139
5.277777777777778 0.7000427039583775
5.305555555555555 0.699223398733113
5.333333333333333 0.6984172822215116
5.361111111111111 0.6976241110652582
5.388888888888889 0.6968436461427078
5.416666666666667 0.6960756525316927
5.444444444444445 0.6953198994699873
5.472222222222222 0.694576160313637
5.5 0.6938442124933536
5.527777777777778 0.693123837469165
5.555555555555555 0.6924148206834949
5.583333333333333 0.6917169515128457
5.611111111111111 0.6910300232182374
5.638888888888889 0.6903538328945557
5.666666666666667 0.6896881814189488
5.694444444444445 0.6890328733984032
5.722222222222222 0.6883877171166259
5.75 0.6877525244803462
5.777777777777778 0.6871271109651472
5.805555555555555 0.6865112955609317
5.833333333333333 0.6859049007171129
5.861111111111111 0.6853077522876219
5.888888888888889 0.6847196794758174
5.916666666666667 0.6841405147793695
5.944444444444445 0.6835700939351937
5.972222222222222 0.6830082558645003
6.0 0.6824548426180215
6.027777777777778 0.6819096993214717
6.055555555555555 0.6813726741212986
6.083333333333333 0.6808436181307655
6.111111111111111 0.6803223853764188
6.138888888888889 0.6798088327449728
6.166666666666667 0.6793028199306579
6.194444444444445 0.6788042093830586
6.222222222222222 0.678312866255476
6.25 0.6778286583538438
6.277777777777778 0.6773514560862198
6.305555555555555 0.6768811324128775
6.333333333333333 0.6764175627970187
6.361111111111111 0.6759606251561218
6.388888888888889 0.6755101998139453
6.416666666666667 0.6750661694531963
6.444444444444445 0.6746284190688793
6.472222222222222 0.6741968359223321
6.5 0.6737713094959589
6.527777777777778 0.673351731448666
6.555555555555555 0.6729379955720076
6.583333333333333 0.6725299977470425
6.611111111111111 0.6721276359019052
6.638888888888889 0.6717308099700962
6.666666666666667 0.6713394218494857
6.694444444444445 0.6709533753620347
6.722222222222222 0.6705725762142322
6.75 0.6701969319582407
6.777777777777778 0.6698263519537536
6.805555555555555 0.6694607473305563
6.833333333333333 0.6691000309517875
6.861111111111111 0.6687441173778942
6.888888888888889 0.6683929228312778
6.916666666666667 0.6680463651616214
6.944444444444445 0.6677043638118937
6.972222222222222 0.6673668397850208
7.0 0.6670337156112205
7.027777777777778 0.6667049153159886
7.055555555555555 0.6663803643887319
7.083333333333333 0.6660599897520345
7.111111111111111 0.6657437197315565
7.138888888888889 0.6654314840265482
7.166666666666667 0.6651232136809755
7.194444444444445 0.6648188410552461
7.222222222222222 0.664518299798527
7.25 0.6642215248216435
7.277777777777778 0.6639284522705513
7.305555555555555 0.6636390195003713
7.333333333333333 0.6633531650499765
7.361111111111111 0.6630708286171243
7.388888888888889 0.6627919510341213
7.416666666666667 0.6625164742440136
7.444444444444445 0.6622443412772906
7.472222222222222 0.6619754962290945
7.5 0.6617098842369253
7.527777777777778 0.6614474514588321
7.555555555555555 0.6611881450520807
7.583333333333333 0.6609319131522885
7.611111111111111 0.6606787048530174
7.638888888888889 0.6604284701858163
7.666666666666667 0.6601811601007019
7.694444444444445 0.6599367264470719
7.722222222222222 0.6596951219550391
7.75 0.6594563002171782
7.777777777777778 0.6592202156706787
7.805555555555555 0.6589868235798919
7.833333333333333 0.658756080019267
7.861111111111111 0.658527941856665
7.888888888888889 0.6583023667370443
7.916666666666667 0.6580793130665097
7.944444444444445 0.6578587399967156
7.972222222222222 0.6576406074096179
8.0 0.6574248759025634
8.027777777777779 0.6572115067737132
8.055555555555555 0.6570004620077905
8.083333333333334 0.6567917042621454
8.11111111111111 0.6565851968531302
8.13888888888889 0.656380903742779
8.166666666666666 0.656178789525782
8.194444444444445 0.6559788194167523
8.222222222222221 0.6557809592377729
8.25 0.6555851754062235
8.277777777777779 0.655391434922876
8.305555555555555 0.6551997053602541
8.333333333333334 0.6550099548512521
8.36111111111111 0.6548221520780062
8.38888888888889 0.654636266261011
8.416666666666666 0.6544522671484775
8.444444444444445 0.6542701250059266
8.472222222222221 0.6540898106060116
8.5 0.6539112952185657
8.527777777777779 0.6537345506008689
8.555555555555555 0.6535595489881281
8.583333333333334 0.6533862630841669
8.61111111111111 0.6532146660523197
8.63888888888889 0.6530447315065254
8.666666666666666 0.6528764335026153
8.694444444444445 0.6527097465297911
8.722222222222221 0.6525446455022903
8.75 0.6523811057512313
8.777777777777779 0.6522191030166363
8.805555555555555 0.6520586134396277
8.833333333333334 0.6518996135547928
8.86111111111111 0.6517420802827137
8.88888888888889 0.6515859909226596
8.916666666666666 0.651431323145434
8.944444444444445 0.6512780549863784
8.972222222222221 0.6511261648385243
9.0 0.6509756314458923
9.027777777777779 0.6508264338969342
9.055555555555555 0.6506785516181167
9.083333333333334 0.6505319643676384
9.11111111111111 0.6503866522292826
9.13888888888889 0.6502425956064003
9.166666666666666 0.650099775216019
9.194444444444445 0.6499581720830779
9.222222222222221 0.6498177675347825
9.25 0.6496785431950776
9.277777777777779 0.6495404809792398
9.305555555555555 0.6494035630885777
9.333333333333334 0.6492677720052468
9.36111111111111 0.64913309048717
9.38888888888889 0.6489995015630652
9.416666666666666 0.648866988527575
9.444444444444445 0.6487355349364965
9.472222222222221 0.6486051246021108
9.5 0.6484757415886078
9.527777777777779 0.6483473702076047
9.555555555555555 0.6482199950137564
9.583333333333334 0.6480936008004559
9.61111111111111 0.6479681725956216
9.63888888888889 0.6478436956575709
9.666666666666666 0.647720155470976
9.694444444444445 0.6475975377429039
9.722222222222221 0.6474758283989336
9.75 0.647355013579353
9.777777777777779 0.6472350796354311
9.805555555555555 0.6471160131257665
9.833333333333334 0.6469978008127055
9.86111111111111 0.6468804296588357
9.88888888888889 0.6467638868235457
9.916666666666666 0.646648159659654
9.944444444444445 0.646533235710106
9.972222222222221 0.646419102704733
10.0 0.6463057485570781
10.027777777777779 0.6461931613612818
10.055555555555555 0.6460813293890294
10.083333333333334 0.6459702410865588
10.11111111111111 0.6458598850717241
10.13888888888889 0.6457502501311189
10.166666666666666 0.6456413252172531
10.194444444444445 0.6455330994457853
10.222222222222221 0.6454255620928068
10.25 0.645318702592181
10.277777777777779 0.6452125105329296
10.305555555555555 0.6451069756566716
10.333333333333334 0.6450020878551099
10.36111111111111 0.6448978371675654
10.38888888888889 0.6447942137785584
10.416666666666666 0.6446912080154353
10.444444444444445 0.6445888103460397
10.472222222222221 0.6444870113764276
10.5 0.6443858018486254
10.527777777777779 0.6442851726384298
10.555555555555555 0.6441851147532478
10.583333333333334 0.644085619329978
10.61111111111111 0.6439866776329302
10.63888888888889 0.6438882810517847
10.666666666666666 0.6437904210995874
10.694444444444445 0.6436930894107832
10.722222222222221 0.643596277739285
10.75 0.6434999779565769
10.777777777777779 0.6434041820498542
10.805555555555555 0.6433088821201959
10.833333333333334 0.6432140703807687
10.86111111111111 0.643119739155068
10.88888888888889 0.6430258808751854
10.916666666666666 0.6429324880801106
10.944444444444445 0.6428395534140631
10.972222222222221 0.6427470696248534
11.0 0.6426550295622734
11.027777777777779 0.6425634261765163
11.055555555555555 0.6424722525166232
11.083333333333334 0.6423815017289586
11.11111111111111 0.6422911670557113
11.13888888888889 0.6422012418334232
11.166666666666666 0.642111719491543
11.194444444444445 0.6420225935510055
11.222222222222221 0.6419338576228365
11.25 0.64184550540678
11.277777777777779 0.6417575306899516
11.305555555555555 0.6416699273455135
11.333333333333334 0.6415826893313741
11.36111111111111 0.6414958106889079
11.38888888888889 0.6414092855416994
11.416666666666666 0.6413231080943078
11.444444444444445 0.6412372726310523
11.472222222222221 0.6411517735148192
11.5 0.6410666051858883
11.527777777777779 0.6409817621607803
11.555555555555555 0.640897239031123
11.583333333333334 0.6408130304625369
11.61111111111111 0.6407291311935394
11.63888888888889 0.6406455360344679
11.666666666666666 0.6405622398664205
11.694444444444445 0.6404792376402149
11.722222222222221 0.6403965243753641
11.75 0.6403140951590701
11.777777777777779 0.6402319451452329
11.805555555555555 0.6401500695534778
11.833333333333334 0.6400684636681965
11.86111111111111 0.6399871228376068
11.88888888888889 0.6399060424728255
11.916666666666666 0.6398252180469567
11.944444444444445 0.6397446450941974
11.972222222222221 0.6396643192089543
12.0 0.6395842360449775
12.027777777777779 0.6395043913145075
12.055555555555555 0.6394247807874361
12.083333333333334 0.6393454002904805
12.11111111111111 0.6392662457063713
12.13888888888889 0.6391873129730532
12.166666666666666 0.6391085980828992
12.194444444444445 0.6390300970819373
12.222222222222221 0.6389518060690875
12.25 0.6388737211954151
12.277777777777779 0.6387958386633912
12.305555555555555 0.6387181547261692
12.333333333333334 0.6386406656868701
12.36111111111111 0.6385633678978793
12.38888888888889 0.6384862577601567
12.416666666666666 0.6384093317225544
12.444444444444445 0.6383325862811485
12.472222222222221 0.6382560179785778
12.5 0.6381796234033962
12.527777777777779 0.6381033991894333
12.555555555555555 0.6380273420151655
12.583333333333334 0.6379514486030972
12.61111111111111 0.6378757157191506
12.63888888888889 0.6378001401720655
12.666666666666666 0.6377247188128099
12.694444444444445 0.6376494485339965
12.722222222222221 0.6375743262693112
12.75 0.6374993489929481
12.777777777777779 0.6374245137190556
12.805555555555555 0.637349817501188
12.833333333333334 0.6372752574317685
12.86111111111111 0.6372008306415579
12.88888888888889 0.6371265342991322
12.916666666666666 0.6370523656103697
12.944444444444445 0.6369783218179434
12.972222222222221 0.6369044002008224
13.0 0.6368305980737804
13.027777777777779 0.6367569127869125
13.055555555555555 0.6366833417251572
13.083333333333334 0.6366098823078288
13.11111111111111 0.6365365319881527
13.13888888888889 0.636463288252812
13.166666666666666 0.6363901486214968
13.194444444444445 0.6363171106464632
13.222222222222221 0.6362441719120978
13.25 0.6361713300344877
13.277777777777779 0.636098582660999
13.305555555555555 0.6360259274698585
13.333333333333334 0.6359533621697454
13.36111111111111 0.6358808844993854
13.38888888888889 0.6358084922271526
13.416666666666666 0.6357361831506774
13.444444444444445 0.6356639550964591
13.472222222222221 0.6355918059194852
13.5 0.6355197335028552
13.527777777777779 0.6354477357574103
13.555555555555555 0.6353758106213696
13.583333333333334 0.6353039560599694
13.61111111111111 0.6352321700651091
13.63888888888889 0.6351604506550022
13.666666666666666 0.6350887958738325
13.694444444444445 0.6350172037914135
13.722222222222221 0.6349456725028557
13.75 0.6348742001282355
13.777777777777779 0.6348027848122709
13.805555555555555 0.634731424724002
13.833333333333334 0.6346601180564734
13.86111111111111 0.6345888630264253
13.88888888888889 0.6345176578739844
13.916666666666666 0.6344465008623636
13.944444444444445 0.6343753902775623
13.972222222222221 0.6343043244280728
14.0 0.6342333016445914
14.027777777777779 0.634162320279731
14.055555555555555 0.6340913787077407
14.083333333333334 0.6340204753242279
14.11111111111111 0.6339496085458832
14.13888888888889 0.6338787768102128
14.166666666666666 0.6338079785752692
14.194444444444445 0.6337372123193908
14.222222222222221 0.6336664765409424
14.25 0.6335957697580594
14.277777777777779 0.6335250905083964
14.305555555555555 0.6334544373488791
14.333333333333334 0.6333838088554588
14.36111111111111 0.6333132036228718
14.38888888888889 0.6332426202644003
14.416666666666666 0.6331720574116378
14.444444444444445 0.6331015137142582
14.472222222222221 0.6330309878397856
14.5 0.6329604784733708
14.527777777777779 0.6328899843175684
14.555555555555555 0.6328195040921162
14.583333333333334 0.6327490365337207
14.61111111111111 0.6326785803958433
14.63888888888889 0.6326081344484894
14.666666666666666 0.6325376974780007
14.694444444444445 0.6324672682868516
14.722222222222221 0.6323968456934459
14.75 0.632326428531918
14.777777777777779 0.6322560156519362
14.805555555555555 0.6321856059185094
14.833333333333334 0.6321151982117944
14.86111111111111 0.6320447914269088
14.88888888888889 0.6319743844737434
14.916666666666666 0.631903976276779
14.944444444444445 0.6318335657749051
14.972222222222221 0.6317631519212404
15.0 0.6316927336829576
15.027777777777779 0.6316223100411078
15.055555555555555 0.6315518799904499
15.083333333333334 0.63148144253928
15.11111111111111 0.6314109967092647
15.13888888888889 0.6313405415352755
15.166666666666666 0.6312700760652268
15.194444444444445 0.6311995993599133
15.222222222222221 0.6311291104928543
15.25 0.6310586085501336
15.277777777777779 0.6309880926302477
15.305555555555555 0.6309175618439516
15.333333333333334 0.6308470153141097
15.36111111111111 0.630776452175546
15.38888888888889 0.6307058715748982
15.416666666666666 0.6306352726704731
15.444444444444445 0.6305646546321035
15.472222222222221 0.6304940166410069
15.5 0.6304233578896473
15.527777777777779 0.6303526775815969
15.555555555555555 0.6302819749314013
15.583333333333334 0.6302112491644458
15.61111111111111 0.6301404995168226
15.63888888888889 0.6300697252352007
15.666666666666666 0.6299989255766977
15.694444444444445 0.6299280998087526
15.722222222222221 0.629857247209
15.75 0.6297863670651473
15.777777777777779 0.6297154586748507
15.805555555555555 0.6296445213455965
15.833333333333334 0.6295735543945808
15.86111111111111 0.6295025571485934
15.88888888888889 0.6294315289438993
15.916666666666666 0.6293604691261269
15.944444444444445 0.6292893770501523
15.972222222222221 0.6292182520799898
16.0 0.6291470935886803
16.02777777777778 0.6290759009581829
16.055555555555557 0.6290046735792671
16.083333333333332 0.6289334108514071
16.11111111111111 0.6288621121826767
16.13888888888889 0.6287907769896461
16.166666666666668 0.6287194046972796
16.194444444444443 0.6286479947388344
16.22222222222222 0.6285765465557613
16.25 0.6285050595976066
16.27777777777778 0.6284335333219147
16.305555555555557 0.6283619671941316
16.333333333333332 0.6282903606875118
16.36111111111111 0.628218713283023
16.38888888888889 0.6281470244692544
16.416666666666668 0.6280752937423265
16.444444444444443 0.6280035206057991
16.47222222222222 0.6279317045705842
16.5 0.6278598451548567
16.52777777777778 0.6277879418839689
16.555555555555557 0.6277159942903638
16.583333333333332 0.6276440019134912
16.61111111111111 0.6275719642997236
16.63888888888889 0.627499881002274
16.666666666666668 0.6274277515811149
16.694444444444443 0.6273555756028962
16.72222222222222 0.6272833526408671
16.75 0.6272110822747974
16.77777777777778 0.6271387640908995
16.805555555555557 0.6270663976817523
16.833333333333332 0.6269939826462249
16.86111111111111 0.6269215185894019
16.88888888888889 0.6268490051225101
16.916666666666668 0.6267764418628456
16.944444444444443 0.626703828433701
16.97222222222222 0.6266311644642952
17.0 0.626558449589702
17.02777777777778 0.6264856834507818
17.055555555555557 0.626412865694112
17.083333333333332 0.6263399959719207
17.11111111111111 0.6262670739420175
17.13888888888889 0.6261940992677298
17.166666666666668 0.626121071617836
17.194444444444443 0.626047990666501
17.22222222222222 0.6259748560932138
17.25 0.6259016675827227
17.27777777777778 0.6258284248249741
17.305555555555557 0.6257551275150511
17.333333333333332 0.6256817753531125
17.36111111111111 0.6256083680443331
17.38888888888889 0.6255349052988436
17.416666666666668 0.6254613868316733
17.444444444444443 0.6253878123626916
17.47222222222222 0.6253141816165506
17.5 0.625240494322629
17.52777777777778 0.6251667502149763
17.555555555555557 0.6250929490322573
17.583333333333332 0.6250190905176983
17.61111111111111 0.624945174419033
17.63888888888889 0.624871200488449
17.666666666666668 0.6247971684825355
17.694444444444443 0.6247230781622316
17.72222222222222 0.6246489292927745
17.75 0.6245747216436498
17.77777777777778 0.62450045498854
17.805555555555557 0.6244261291052762
17.833333333333332 0.6243517437757888
17.86111111111111 0.6242772987860591
17.88888888888889 0.6242027939260718
17.916666666666668 0.6241282289897668
17.944444444444443 0.624053603774995
17.97222222222222 0.6239789180834693
18.0 0.6239041717207209
18.02777777777778 0.6238293644960539
18.055555555555557 0.6237544962225013
18.083333333333332 0.6236795667167795
18.11111111111111 0.6236045757992471
18.13888888888889 0.6235295232938598
18.166666666666668 0.6234544090281299
18.194444444444443 0.6233792328330829
18.22222222222222 0.6233039945432175
18.25 0.6232286939964631
18.27777777777778 0.6231533310341411
18.305555555555557 0.623077905500923
18.333333333333332 0.6230024172447927
18.36111111111111 0.6229268661170064
18.38888888888889 0.622851251972054
18.416666666666668 0.6227755746676217
18.444444444444443 0.6226998340645535
18.47222222222222 0.622624030026815
18.5 0.6225481624214547
18.52777777777778 0.6224722311185701
18.555555555555557 0.6223962359912698
18.583333333333332 0.6223201769156387
18.61111111111111 0.6222440537707025
18.63888888888889 0.6221678664383937
18.666666666666668 0.6220916148035166
18.694444444444443 0.6220152987537138
18.72222222222222 0.6219389181794323
18.75 0.6218624729738903
18.77777777777778 0.6217859630330453
18.805555555555557 0.6217093882555608
18.833333333333332 0.6216327485427743
18.86111111111111 0.6215560437986666
18.88888888888889 0.6214792739298292
18.916666666666668 0.6214024388454344
18.944444444444443 0.6213255384572046
18.97222222222222 0.6212485726793818
19.0 0.6211715414286977
19.02777777777778 0.6210944446243444
19.055555555555557 0.6210172821879453
19.083333333333332 0.6209400540435265
19.11111111111111 0.620862760117487
19.13888888888889 0.6207854003385727
19.166666666666668 0.6207079746378459
19.194444444444443 0.6206304829486605
19.22222222222222 0.6205529252066332
19.25 0.6204753013496159
19.27777777777778 0.6203976113176712
19.305555555555557 0.6203198550530444
19.333333333333332 0.6202420325001381
19.36111111111111 0.6201641436054867
19.38888888888889 0.6200861883177301
19.416666666666668 0.6200081665875901
19.444444444444443 0.6199300783678441
19.47222222222222 0.6198519236133019
19.5 0.6197737022807794
19.52777777777778 0.6196954143290774
19.555555555555557 0.6196170597189552
19.583333333333332 0.619538638413109
19.61111111111111 0.6194601503761477
19.63888888888889 0.6193815955745707
19.666666666666668 0.6193029739767446
19.694444444444443 0.6192242855528814
19.72222222222222 0.6191455302750154
19.75 0.6190667081169824
19.77777777777778 0.6189878190543976
19.805555555555557 0.6189088630646342
19.833333333333332 0.6188298401268019
19.86111111111111 0.6187507502217265
19.88888888888889 0.6186715933319292
19.916666666666668 0.6185923694416053
19.944444444444443 0.6185130785366058
19.97222222222222 0.6184337206044147
20.0 0.6183542956341325
20.02777777777778 0.6182748036164535
20.055555555555557 0.6181952445436486
20.083333333333332 0.6181156184095452
20.11111111111111 0.6180359252095089
20.13888888888889 0.6179561649404247
20.166666666666668 0.6178763376006775
20.194444444444443 0.6177964431901354
20.22222222222222 0.617716481710131
20.25 0.6176364531634433
20.27777777777778 0.6175563575542798
20.305555555555557 0.6174761948882603
20.333333333333332 0.6173959651723984
20.36111111111111 0.6173156684150848
20.38888888888889 0.6172353046260705
20.416666666666668 0.6171548738164502
20.444444444444443 0.6170743759986457
20.47222222222222 0.6169938111863895
20.5 0.6169131793947089
20.52777777777778 0.6168324806399097
20.555555555555557 0.6167517149395607
20.583333333333332 0.6166708823124782
20.61111111111111 0.6165899827787105
20.63888888888889 0.6165090163595219
20.666666666666668 0.616427983077379
20.694444444444443 0.6163468829559348
20.72222222222222 0.6162657160200139
20.75 0.6161844822955991
20.77777777777778 0.616103181809815
20.805555555555557 0.6160218145909161
20.833333333333332 0.6159403806682704
20.86111111111111 0.6158588800723471
20.88888888888889 0.6157773128347023
20.916666666666668 0.6156956789879652
20.944444444444443 0.6156139785658241
20.97222222222222 0.6155322116030146
21.0 0.6154503781353052
21.02777777777778 0.6153684781994845
21.055555555555557 0.6152865118333483
21.083333333333332 0.6152044790756871
21.11111111111111 0.6151223799662734
21.13888888888889 0.6150402145458488
21.166666666666668 0.6149579828561123
21.194444444444443 0.6148756849397078
21.22222222222222 0.6147933208402118
21.25 0.6147108906021225
21.27777777777778 0.6146283942708461
21.305555555555557 0.6145458318926876
21.333333333333332 0.6144632035148367
21.36111111111111 0.6143805091853587
21.38888888888889 0.6142977489531815
21.416666666666668 0.614214922868085
21.444444444444443 0.614132030980691
21.47222222222222 0.6140490733424512
21.5 0.6139660500056359
21.52777777777778 0.6138829610233248
21.555555555555557 0.6137998064493958
21.583333333333332 0.6137165863385144
21.61111111111111 0.6136333007461235
21.63888888888889 0.6135499497284332
21.666666666666668 0.6134665333424107
21.694444444444443 0.6133830516457703
21.72222222222222 0.6132995046969638
21.75 0.6132158925551701
21.77777777777778 0.6131322152802862
21.805555555555557 0.6130484729329174
21.833333333333332 0.6129646655743675
21.86111111111111 0.6128807932666304
21.88888888888889 0.6127968560723794
21.916666666666668 0.6127128540549599
21.944444444444443 0.6126287872783787
21.97222222222222 0.6125446558072962
22.0 0.6124604597070169
22.02777777777778 0.6123761990434803
22.055555555555557 0.6122918738832539
22.083333333333332 0.6122074842935229
22.11111111111111 0.6121230303420828
22.13888888888889 0.6120385120973305
22.166666666666668 0.6119539296282558
22.194444444444443 0.6118692830044343
22.22222222222222 0.611784572296018
22.25 0.6116997975737285
22.27777777777778 0.6116149589088481
22.305555555555557 0.6115300563732121
22.333333333333332 0.6114450900392023
22.36111111111111 0.6113600599797375
22.38888888888889 0.611274966268267
22.416666666666668 0.6111898089787637
22.444444444444443 0.6111045881857143
22.47222222222222 0.6110193039641153
22.5 0.6109339563894626
22.52777777777778 0.6108485455377473
22.555555555555557 0.6107630714854454
22.583333333333332 0.6106775343095138
22.61111111111111 0.6105919340873815
22.63888888888889 0.6105062708969434
22.666666666666668 0.6104205448165531
22.694444444444443 0.6103347559250172
22.72222222222222 0.6102489043015873
22.75 0.6101629900259543
22.77777777777778 0.610077013178242
22.805555555555557 0.609990973839
22.833333333333332 0.6099048720891982
22.86111111111111 0.6098187080102194
22.88888888888889 0.6097324816838546
22.916666666666668 0.6096461931922951
22.944444444444443 0.6095598426181282
22.97222222222222 0.6094734300443301
23.0 0.6093869555542597
23.02777777777778 0.6093004192316538
23.055555555555557 0.6092138211606201
23.083333333333332 0.6091271614256331
23.11111111111111 0.6090404401115265
23.13888888888889 0.6089536573034886
23.166666666666668 0.6088668130870569
23.194444444444443 0.608779907548112
23.22222222222222 0.6086929407728723
23.25 0.6086059128478891
23.27777777777778 0.608518823860041
23.305555555555557 0.6084316738965279
23.333333333333332 0.6083444630448672
23.36111111111111 0.6082571913928881
23.38888888888889 0.6081698590287254
23.416666666666668 0.6080824660408162
23.444444444444443 0.6079950125178935
23.47222222222222 0.6079074985489824
23.5 0.6078199242233941
23.52777777777778 0.6077322896307225
23.555555555555557 0.607644594860838
23.583333333333332 0.6075568400038834
23.61111111111111 0.6074690251502697
23.63888888888889 0.6073811503906704
23.666666666666668 0.607293215816018
23.694444444444443 0.6072052215174991
23.72222222222222 0.6071171675865495
23.75 0.6070290541148505
23.77777777777778 0.606940881194324
23.805555555555557 0.6068526489171286
23.833333333333332 0.6067643573756548
23.86111111111111 0.6066760066625211
23.88888888888889 0.6065875968705703
23.916666666666668 0.6064991280928645
23.944444444444443 0.6064106004226815
23.97222222222222 0.6063220139535103
