0.0 0.0
0.027777777777777776 0.09263503030444803
0.05555555555555555 0.17193058450384954
0.08333333333333333 0.24151052675962423
0.1111111111111111 0.3034911112459098
0.1388888888888889 0.35929391586966625
0.16666666666666666 0.4099435795230967
0.19444444444444445 0.4562097048533417
0.2222222222222222 0.4986858157501405
0.25 0.5378386869020093
0.2777777777777778 0.5740416951055328
0.3055555555555556 0.6075984036331195
0.3333333333333333 0.6387596156923672
0.3611111111111111 0.6677358374695979
0.3888888888888889 0.6947064408639955
0.4166666666666667 0.7198264329471503
0.4444444444444444 0.7432314849819821
0.4722222222222222 0.7650416942128777
0.5 0.7853644216098987
0.5277777777777778 0.8042964541170142
0.5555555555555556 0.8219256712077451
0.5833333333333334 0.8383323457907969
0.6111111111111112 0.8535901736071867
0.6388888888888888 0.8677670994151817
0.6666666666666666 0.8809259896712238
0.6944444444444444 0.8931251880435397
0.7222222222222222 0.9044189804643193
0.75 0.9148579894746651
0.7777777777777778 0.92448951258344
0.8055555555555556 0.9333578157032264
0.8333333333333334 0.9415043900558656
0.8611111111111112 0.9489681789795835
0.8888888888888888 0.9557857796217788
0.9166666666666666 0.9619916234247408
0.9444444444444444 0.9676181385045615
0.9722222222222222 0.972695896413572
1.0 0.9772537453113764
1.0277777777777777 0.9813189312111474
1.0555555555555556 0.9849172086888425
1.0833333333333333 0.9880729422234364
1.1111111111111112 0.9908091991615331
1.1388888888888888 0.9931478351591048
1.1666666666666667 0.9951095728386533
1.1944444444444444 0.9967140743059184
1.2222222222222223 0.9979800080919647
1.25 0.9989251110207172
1.2777777777777777 0.999566245446282
1.3055555555555556 0.9999194522567344
1.3333333333333333 1.0
1.3611111111111112 0.9998224304518212
1.3888888888888888 0.9994006009146906
1.4166666666666667 0.9987477235092976
1.4444444444444444 0.9978764016959157
1.4722222222222223 0.9967986642417606
1.5 0.9955259968313086
1.5277777777777777 0.994069371499546
1.5555555555555556 0.9924392740528676
1.5833333333333333 0.9906457296286314
1.6111111111111112 0.9886983265320229
1.6388888888888888 0.9866062384777137
1.6666666666666667 0.9843782453536948
1.6944444444444444 0.982022752615495
1.7222222222222223 0.9795478094106556
1.75 0.9769611255257425
1.7777777777777777 0.9742700872412494
1.8055555555555556 0.9714817721734139
1.8333333333333333 0.9686029631761708
1.8611111111111112 0.965640161371154
1.8888888888888888 0.9625995983687721
1.9166666666666667 0.9594872477388857
1.9444444444444444 0.9563088357854778
1.9722222222222223 0.9530698516758799
2.0 0.9497755569715766
2.0277777777777777 0.9464309946043387
2.0555555555555554 0.9430409973383876
2.0833333333333335 0.9396101957564722
2.111111111111111 0.9361430258051059
2.138888888888889 0.9326437359317545
2.1666666666666665 0.9291163938444841
2.1944444444444446 0.9255648929224269
2.2222222222222223 0.9219929583034273
2.25 0.9184041526733461
2.2777777777777777 0.9148018817797461
2.3055555555555554 0.9111893996910244
2.3333333333333335 0.9075698138205031
2.361111111111111 0.9039460897335337
2.388888888888889 0.9003210557543001
2.4166666666666665 0.8966974073877059
2.4444444444444446 0.8930777115705282
2.4722222222222223 0.8894644107648733
2.5 0.8858598269059004
2.5277777777777777 0.8822661652147712
2.5555555555555554 0.8786855178868386
2.5833333333333335 0.8751198676642024
2.611111111111111 0.8715710913009285
2.638888888888889 0.8680409629284536
2.6666666666666665 0.8645311573279731
2.6944444444444446 0.8610432531159309
2.7222222222222223 0.857578735848109
2.75 0.8541390010472206
2.7777777777777777 0.8507253571583827
2.8055555555555554 0.8473390284363355
2.8333333333333335 0.8439811577678235
2.861111111111111 0.84065280943213
2.888888888888889 0.8373549718023694
2.9166666666666665 0.8340885599897946
2.9444444444444446 0.830854418433059
2.9722222222222223 0.8276533234340823
3.0 0.824485985641916
3.0277777777777777 0.8213530524857721
3.0555555555555554 0.8182551105581769
3.0833333333333335 0.8151926879490354
3.111111111111111 0.81216625653123
3.138888888888889 0.8091762341982506
3.1666666666666665 0.8062229870542371
3.1944444444444446 0.8033068315567176
3.2222222222222223 0.8004280366122513
3.25 0.7975868256251228
3.2777777777777777 0.7947833784991865
3.3055555555555554 0.7920178335929225
3.3333333333333335 0.7892902896277532
3.361111111111111 0.7866008075496427
3.388888888888889 0.7839494123440157
3.4166666666666665 0.7813360948040274
3.4444444444444446 0.7787608132522346
3.4722222222222223 0.7762234952157385
3.5 0.7737240390548967
3.5277777777777777 0.7712623155457287
3.5555555555555554 0.7688381694161774
3.5833333333333335 0.7664514208364288
3.611111111111111 0.7641018668635208
3.638888888888889 0.7617892828405308
3.6666666666666665 0.7595134237506597
3.6944444444444446 0.7572740255265791
3.7222222222222223 0.7550708063154554
3.75 0.7529034677000994
3.7777777777777777 0.7507716958767401
3.8055555555555554 0.7486751627899577
3.8333333333333335 0.7466135272253535
3.861111111111111 0.7445864358605692
3.888888888888889 0.7425935242753103
3.9166666666666665 0.740634417921055
3.9444444444444446 0.7387087330511677
3.9722222222222223 0.7368160776121648
4.0 0.734956052096906
4.027777777777778 0.7331282503605092
4.055555555555555 0.7313322603998131
4.083333333333333 0.7295676650972265
4.111111111111111 0.7278340429298212
4.138888888888889 0.7261309686445461
4.166666666666667 0.7244580139004414
4.194444444444445 0.7228147478787537
4.222222222222222 0.7212007378618484
4.25 0.7196155497818328
4.277777777777778 0.7180587487397954
4.305555555555555 0.7165298994965734
4.333333333333333 0.7150285669359614
4.361111111111111 0.7135543165012632
4.388888888888889 0.7121067146060938
4.416666666666667 0.7106853290203214
4.444444444444445 0.7092897292320423
4.472222222222222 0.7079194867864599
4.5 0.7065741756025411
4.527777777777778 0.7052533722682983
4.555555555555555 0.7039566563155417
4.583333333333333 0.7026836104749263
4.611111111111111 0.7014338209121063
4.638888888888889 0.7002068774457896
4.666666666666667 0.6990023737484736
4.694444444444445 0.6978199075306191
4.722222222222222 0.6966590807090075
4.75 0.6955194995600044
4.777777777777778 0.694400774858432
4.805555555555555 0.6933025220027415
4.833333333333333 0.6922243611271449
4.861111111111111 0.6911659172013582
4.888888888888889 0.6901268201185802
4.916666666666667 0.6891067047723133
4.944444444444445 0.688105211122616
4.972222222222222 0.6871219842523529
5.0 0.6861566744139904
5.027777777777778 0.6852089370674675
5.055555555555555 0.68427843290965
5.083333333333333 0.6833648278958592
5.111111111111111 0.6824677932539485
5.138888888888889 0.6815870054913766
5.166666666666667 0.6807221463957189
5.194444444444445 0.6798729030290281
5.222222222222222 0.6790389677164507
5.25 0.6782200380294761
5.277777777777778 0.6774158167641909
5.305555555555555 0.6766260119148853
5.333333333333333 0.6758503366433458
5.361111111111111 0.6750885092441576
5.388888888888889 0.6743402531063165
5.416666666666667 0.6736052966714435
5.444444444444445 0.6728833733888775
5.472222222222222 0.6721742216679075
5.5 0.6714775848273964
5.527777777777778 0.670793211043029
5.555555555555555 0.6701208532924139
5.583333333333333 0.6694602692982471
5.611111111111111 0.6688112214697427
5.638888888888889 0.6681734768425178
5.666666666666667 0.6675468070171151
5.694444444444445 0.666930988096329
5.722222222222222 0.6663258006214994
5.75 0.6657310295079201
5.777777777777778 0.6651464639795067
5.805555555555555 0.6645718975028566
5.833333333333333 0.6640071277208242
5.861111111111111 0.6634519563857313
5.888888888888889 0.6629061892923217
5.916666666666667 0.6623696362105618
5.944444444444445 0.6618421108183832
5.972222222222222 0.661323430634459
6.0 0.6608134169510925
6.027777777777778 0.660311894767301
6.055555555555555 0.6598186927221611
6.083333333333333 0.6593336430284865
6.111111111111111 0.6588565814068963
6.138888888888889 0.6583873470203314
6.166666666666667 0.6579257824090724
6.194444444444445 0.6574717334263036
6.222222222222222 0.6570250491742696
6.25 0.6565855819410631
6.277777777777778 0.6561531871380784
6.305555555555555 0.6557277232381662
6.333333333333333 0.6553090517145176
6.361111111111111 0.6548970369803023
6.388888888888889 0.6544915463290857
6.416666666666667 0.6540924498760471
6.444444444444445 0.6536996205000137
6.472222222222222 0.6533129337863287
6.5 0.6529322679705657
6.527777777777778 0.6525575038831023
6.555555555555555 0.6521885248945596
6.583333333333333 0.6518252168621181
6.611111111111111 0.6514674680767133
6.638888888888889 0.6511151692111171
6.666666666666667 0.6507682132689061
6.694444444444445 0.6504264955343196
6.722222222222222 0.6500899135230056
6.75 0.6497583669336551
6.777777777777778 0.6494317576005213
6.805555555555555 0.6491099894468207
6.833333333333333 0.6487929684390126
6.861111111111111 0.6484806025419488
6.888888888888889 0.6481728016748933
6.916666666666667 0.6478694776683971
6.944444444444445 0.6475705442220286
6.972222222222222 0.6472759168629475
7.0 0.6469855129053121
7.027777777777778 0.6466992514105158
7.055555555555555 0.6464170531482386
7.083333333333333 0.6461388405583067
7.111111111111111 0.6458645377133474
7.138888888888889 0.6455940702822308
7.166666666666667 0.6453273654942866
7.194444444444445 0.6450643521042835
7.222222222222222 0.6448049603581624
7.25 0.6445491219595099
7.277777777777778 0.6442967700367606
7.305555555555555 0.6440478391111172
7.333333333333333 0.6438022650651753
7.361111111111111 0.6435599851122429
7.388888888888889 0.6433209377663386
7.416666666666667 0.6430850628128623
7.444444444444445 0.6428523012799204
7.472222222222222 0.6426225954102973
7.5 0.6423958886340595
7.527777777777778 0.6421721255417803
7.555555555555555 0.6419512518583746
7.583333333333333 0.6417332144175296
7.611111111111111 0.6415179611367212
7.638888888888889 0.6413054409928046
7.666666666666667 0.6410956039981658
7.694444444444445 0.6408884011774244
7.722222222222222 0.6406837845446747
7.75 0.6404817070812553
7.777777777777778 0.640282122714035
7.805555555555555 0.6400849862942036
7.833333333333333 0.6398902535765602
7.861111111111111 0.6396978811992812
7.888888888888889 0.6395078266641662
7.916666666666667 0.639320048317344
7.944444444444445 0.6391345053304328
7.972222222222222 0.6389511576821434
8.0 0.6387699661403144
8.027777777777779 0.6385908922443715
8.055555555555555 0.6384138982881993
8.083333333333334 0.638238947303418
8.11111111111111 0.6380660030430553
8.13888888888889 0.6378950299656024
8.166666666666666 0.6377259932194493
8.194444444444445 0.637558858627686
8.222222222222221 0.6373935926732649
8.25 0.6372301624845128
8.277777777777779 0.6370685358209874
8.305555555555555 0.6369086810596678
8.333333333333334 0.636750567181471
8.36111111111111 0.6365941637580895
8.38888888888889 0.6364394409391385
8.416666666666666 0.6362863694396089
8.444444444444445 0.6361349205276157
8.472222222222221 0.6359850660124363
8.5 0.6358367782328332
8.527777777777779 0.63569003004565
8.555555555555555 0.6355447948146785
8.583333333333334 0.6354010463997881
8.61111111111111 0.6352587591463118
8.63888888888889 0.6351179078746811
8.666666666666666 0.6349784678703069
8.694444444444445 0.6348404148736964
8.722222222222221 0.6347037250708046
8.75 0.6345683750836104
8.777777777777779 0.6344343419609147
8.805555555555555 0.6343016031693546
8.833333333333334 0.6341701365846265
8.86111111111111 0.6340399204829161
8.88888888888889 0.6339109335325281
8.916666666666666 0.6337831547857099
8.944444444444445 0.6336565636706677
8.972222222222221 0.633531139983767
9.0 0.6334068638819152
9.027777777777779 0.6332837158751199
9.055555555555555 0.6331616768192208
9.083333333333334 0.6330407279087888
9.11111111111111 0.63292085067019
9.13888888888889 0.6328020269548081
9.166666666666666 0.6326842389324251
9.194444444444445 0.6325674690847521
9.222222222222221 0.6324517001991099
9.25 0.6323369153622531
9.277777777777779 0.6322230979543375
9.305555555555555 0.6321102316430224
9.333333333333334 0.6319983003777098
9.36111111111111 0.6318872883839132
9.38888888888889 0.6317771801577546
9.416666666666666 0.6316679604605864
9.444444444444445 0.6315596143137346
9.472222222222221 0.6314521269933606
9.5 0.6313454840254393
9.527777777777779 0.6312396711808492
9.555555555555555 0.6311346744705734
9.583333333333334 0.6310304801410072
9.61111111111111 0.6309270746693719
9.63888888888889 0.6308244447592296
9.666666666666666 0.6307225773360974
9.694444444444445 0.6306214595431608
9.722222222222221 0.6305210787370803
9.75 0.6304214224838909
9.777777777777779 0.6303224785549928
9.805555555555555 0.6302242349232298
9.833333333333334 0.6301266797590535
9.86111111111111 0.6300298014267718
9.88888888888889 0.6299335884808792
9.916666666666666 0.6298380296624676
9.944444444444445 0.6297431138957142
9.972222222222221 0.629648830284446
10.0 0.629555168108779
10.027777777777779 0.6294621168218293
10.055555555555555 0.6293696660464955
10.083333333333334 0.62927780557231
10.11111111111111 0.6291865253523574
10.13888888888889 0.6290958155002601
10.166666666666666 0.6290056662872258
10.194444444444445 0.6289160681391602
10.222222222222221 0.6288270116338396
10.25 0.6287384874981433
10.277777777777779 0.6286504866053455
10.305555555555555 0.6285629999724622
10.333333333333334 0.6284760187576562
10.36111111111111 0.6283895342576947
10.38888888888889 0.6283035379054601
10.416666666666666 0.6282180212675138
10.444444444444445 0.6281329760417095
10.472222222222221 0.6280483940548564
10.5 0.6279642672604305
10.527777777777779 0.6278805877363333
10.555555555555555 0.6277973476826963
10.583333333333334 0.627714539419731
10.61111111111111 0.6276321553856217
10.63888888888889 0.6275501881344631
10.666666666666666 0.6274686303342375
10.694444444444445 0.6273874747648358
10.722222222222221 0.6273067143161156
10.75 0.6272263419860008
10.777777777777779 0.6271463508786181
10.805555555555555 0.6270667342024715
10.833333333333334 0.6269874852686526
10.86111111111111 0.6269085974890877
10.88888888888889 0.6268300643748185
10.916666666666666 0.626751879534318
10.944444444444445 0.6266740366718394
10.972222222222221 0.6265965295857968
11.0 0.6265193521671788
11.027777777777779 0.6264424983979925
11.055555555555555 0.6263659623497387
11.083333333333334 0.6262897381819159
11.11111111111111 0.6262138201405542
11.13888888888889 0.6261382025567769
11.166666666666666 0.6260628798453908
11.194444444444445 0.6259878465035029
11.222222222222221 0.6259130971091644
11.25 0.6258386263200396
11.277777777777779 0.6257644288721019
11.305555555555555 0.6256904995783532
11.333333333333334 0.6256168333275683
11.36111111111111 0.6255434250830633
11.38888888888889 0.6254702698814865
11.416666666666666 0.6253973628316332
11.444444444444445 0.6253246991132819
11.472222222222221 0.625252273976053
11.5 0.625180082738288
11.527777777777779 0.6251081207859502
11.555555555555555 0.6250363835715463
11.583333333333334 0.6249648666130667
11.61111111111111 0.6248935654929464
11.63888888888889 0.624822475857045
11.666666666666666 0.624751593413645
11.694444444444445 0.6246809139324686
11.722222222222221 0.6246104332437129
11.75 0.6245401472371025
11.777777777777779 0.6244700518609585
11.805555555555555 0.6244001431212858
11.833333333333334 0.6243304170808758
11.86111111111111 0.6242608698584258
11.88888888888889 0.6241914976276743
11.916666666666666 0.6241222966165513
11.944444444444445 0.6240532631063442
11.972222222222221 0.6239843934308783
12.0 0.6239156839757125
12.027777777777779 0.6238471311773485
12.055555555555555 0.6237787315224539
12.083333333333334 0.6237104815471004
12.11111111111111 0.6236423778360134
12.13888888888889 0.6235744170218364
12.166666666666666 0.6235065957844071
12.194444444444445 0.6234389108500471
12.222222222222221 0.623371358990863
12.25 0.6233039370240606
12.277777777777779 0.6232366418112704
12.305555555555555 0.6231694702578842
12.333333333333334 0.6231024193124046
12.36111111111111 0.6230354859658044
12.38888888888889 0.6229686672508973
12.416666666666666 0.6229019602417191
12.444444444444445 0.6228353620529204
12.472222222222221 0.6227688698391686
12.5 0.6227024807945601
12.527777777777779 0.6226361921520429
12.555555555555555 0.6225700011828489
12.583333333333334 0.6225039051959351
12.61111111111111 0.6224379015374351
12.63888888888889 0.6223719875901186
12.666666666666666 0.6223061607728612
12.694444444444445 0.6222404185401216
12.722222222222221 0.6221747583814294
12.75 0.6221091778208789
12.777777777777779 0.6220436744166337
12.805555555555555 0.6219782457604369
12.833333333333334 0.6219128894771323
12.86111111111111 0.6218476032241906
12.88888888888889 0.6217823846912454
12.916666666666666 0.6217172315996352
12.944444444444445 0.6216521417019544
12.972222222222221 0.6215871127816097
13.0 0.6215221426523859
13.027777777777779 0.6214572291580164
13.055555555555555 0.6213923701717621
13.083333333333334 0.621327563595997
13.11111111111111 0.6212628073617997
13.13888888888889 0.6211980994285515
13.166666666666666 0.621133437783542
13.194444444444445 0.621068820441579
13.222222222222221 0.6210042454446066
13.25 0.6209397108613285
13.277777777777779 0.620875214786836
13.305555555555555 0.6208107553422445
13.333333333333334 0.6207463306743329
13.36111111111111 0.6206819389551913
13.38888888888889 0.620617578381871
13.416666666666666 0.6205532471760439
13.444444444444445 0.6204889435836634
13.472222222222221 0.6204246658746326
13.5 0.6203604123424782
13.527777777777779 0.6202961813040269
13.555555555555555 0.6202319710990896
13.583333333333334 0.6201677800901484
13.61111111111111 0.6201036066620499
13.63888888888889 0.6200394492217015
13.666666666666666 0.6199753061977742
13.694444444444445 0.6199111760404084
13.722222222222221 0.6198470572209248
13.75 0.6197829482315398
13.777777777777779 0.619718847585085
13.805555555555555 0.6196547538147309
13.833333333333334 0.6195906654737146
13.86111111111111 0.6195265811350719
13.88888888888889 0.6194624993913731
13.916666666666666 0.6193984188544636
13.944444444444445 0.6193343381552067
13.972222222222221 0.6192702559432316
14.0 0.619206170886685
14.027777777777779 0.6191420816719855
14.055555555555555 0.6190779870035829
14.083333333333334 0.6190138856037195
14.11111111111111 0.6189497762121966
14.13888888888889 0.6188856575861432
14.166666666666666 0.6188215284997884
14.194444444444445 0.6187573877442374
14.222222222222221 0.6186932341272501
14.25 0.6186290664730238
14.277777777777779 0.618564883621979
14.305555555555555 0.6185006844305466
14.333333333333334 0.618436467770961
14.36111111111111 0.6183722325310531
14.38888888888889 0.6183079776140497
14.416666666666666 0.6182437019383719
14.444444444444445 0.6181794044374401
14.472222222222221 0.6181150840594793
14.5 0.6180507397673278
14.527777777777779 0.6179863705382493
14.555555555555555 0.6179219753637466
14.583333333333334 0.6178575532493787
14.61111111111111 0.6177931032145813
14.63888888888889 0.6177286242924866
14.666666666666666 0.6176641155297501
14.694444444444445 0.6175995759863762
14.722222222222221 0.6175350047355479
14.75 0.6174704008634595
14.777777777777779 0.6174057634691492
14.805555555555555 0.6173410916643369
14.833333333333334 0.6172763845732624
14.86111111111111 0.6172116413325264
14.88888888888889 0.6171468610909339
14.916666666666666 0.6170820430093394
14.944444444444445 0.6170171862604947
14.972222222222221 0.616952290028898
15.0 0.6168873535106458
15.027777777777779 0.6168223759132873
15.055555555555555 0.6167573564556786
15.083333333333334 0.6166922943678422
15.11111111111111 0.6166271888908255
15.13888888888889 0.6165620392765623
15.166666666666666 0.616496844787737
15.194444444444445 0.6164316046976495
15.222222222222221 0.6163663182900818
15.25 0.6163009848591684
15.277777777777779 0.6162356037092651
15.305555555555555 0.6161701741548229
15.333333333333334 0.6161046955202617
15.36111111111111 0.6160391671398461
15.38888888888889 0.6159735883575627
15.416666666666666 0.6159079585269999
15.444444444444445 0.6158422770112281
15.472222222222221 0.6157765431826823
15.5 0.6157107564230462
15.527777777777779 0.6156449161231371
15.555555555555555 0.6155790216827941
15.583333333333334 0.6155130725107649
15.61111111111111 0.6154470680245975
15.63888888888889 0.6153810076505304
15.666666666666666 0.6153148908233861
15.694444444444445 0.6152487169864654
15.722222222222221 0.615182485591443
15.75 0.615116196098264
15.777777777777779 0.6150498479750429
15.805555555555555 0.6149834406979636
15.833333333333334 0.6149169737511797
15.86111111111111 0.6148504466267174
15.88888888888889 0.6147838588243786
15.916666666666666 0.6147172098516464
15.944444444444445 0.6146504992235905
15.972222222222221 0.6145837264627751
16.0 0.6145168910991674
16.02777777777778 0.6144499926700466
16.055555555555557 0.6143830307199157
16.083333333333332 0.6143160048004127
16.11111111111111 0.6142489144702247
16.13888888888889 0.6141817592950011
16.166666666666668 0.6141145388472696
16.194444444444443 0.6140472527063531
16.22222222222222 0.6139799004582858
16.25 0.6139124816957332
16.27777777777778 0.6138449960179112
16.305555555555557 0.6137774430305065
16.333333333333332 0.6137098223455987
16.36111111111111 0.6136421335815825
16.38888888888889 0.6135743763630918
16.416666666666668 0.613506550320924
16.444444444444443 0.6134386550919658
16.47222222222222 0.6133706903191193
16.5 0.6133026556512298
16.52777777777778 0.613234550743014
16.555555555555557 0.6131663752549895
16.583333333333332 0.6130981288534043
16.61111111111111 0.6130298112101688
16.63888888888889 0.6129614220027865
16.666666666666668 0.6128929609142877
16.694444444444443 0.6128244276331628
16.72222222222222 0.6127558218532964
16.75 0.6126871432739031
16.77777777777778 0.6126183915994627
16.805555555555557 0.6125495665396583
16.833333333333332 0.6124806678093123
16.86111111111111 0.6124116951283263
16.88888888888889 0.6123426482216192
16.916666666666668 0.6122735268190679
16.944444444444443 0.6122043306554471
16.97222222222222 0.6121350594703717
17.0 0.6120657130082381
17.02777777777778 0.611996291018167
17.055555555555557 0.6119267932539479
17.083333333333332 0.6118572194739822
17.11111111111111 0.6117875694412286
17.13888888888889 0.6117178429231487
17.166666666666668 0.6116480396916533
17.194444444444443 0.6115781595230493
17.22222222222222 0.6115082021979871
17.25 0.6114381675014086
17.27777777777778 0.6113680552224968
17.305555555555557 0.6112978651546247
17.333333333333332 0.6112275970953054
17.36111111111111 0.6111572508461425
17.38888888888889 0.6110868262127823
17.416666666666668 0.6110163230048649
17.444444444444443 0.6109457410359765
17.47222222222222 0.6108750801236037
17.5 0.6108043400890851
17.52777777777778 0.6107335207575674
17.555555555555557 0.610662621957959
17.583333333333332 0.6105916435228852
17.61111111111111 0.6105205852886448
17.63888888888889 0.6104494470951661
17.666666666666668 0.6103782287859634
17.694444444444443 0.6103069302080943
17.72222222222222 0.6102355512121185
17.75 0.6101640916520551
17.77777777777778 0.6100925513853424
17.805555555555557 0.6100209302727966
17.833333333333332 0.6099492281785722
17.86111111111111 0.6098774449701221
17.88888888888889 0.609805580518158
17.916666666666668 0.6097336346966125
17.944444444444443 0.6096616073826006
17.97222222222222 0.6095894984563813
18.0 0.6095173078013212
18.02777777777778 0.609445035303857
18.055555555555557 0.609372680853459
18.083333333333332 0.6093002443425954
18.11111111111111 0.6092277256666968
18.13888888888889 0.60915512472412
18.166666666666668 0.6090824414161149
18.194444444444443 0.6090096756467885
18.22222222222222 0.6089368273230722
18.25 0.6088638963546874
18.27777777777778 0.6087908826541131
18.305555555555557 0.6087177861365521
18.333333333333332 0.6086446067199001
18.36111111111111 0.6085713443247122
18.38888888888889 0.6084979988741718
18.416666666666668 0.6084245702940602
18.444444444444443 0.6083510585127244
18.47222222222222 0.6082774634610474
18.5 0.6082037850724179
18.52777777777778 0.6081300232827002
18.555555555555557 0.6080561780302052
18.583333333333332 0.6079822492556606
18.61111111111111 0.6079082369021831
18.63888888888889 0.6078341409152489
18.666666666666668 0.6077599612426664
18.694444444444443 0.607685697834548
18.72222222222222 0.6076113506432825
18.75 0.6075369196235088
18.77777777777778 0.6074624047320879
18.805555555555557 0.6073878059280771
18.833333333333332 0.6073131231727038
18.86111111111111 0.6072383564293393
18.88888888888889 0.6071635056634735
18.916666666666668 0.6070885708426892
18.944444444444443 0.6070135519366375
18.97222222222222 0.6069384489170128
19.0 0.6068632617575284
19.02777777777778 0.6067879904338925
19.055555555555557 0.606712634923784
19.083333333333332 0.6066371952068295
19.11111111111111 0.606561671264579
19.13888888888889 0.6064860630804841
19.166666666666668 0.6064103706398737
19.194444444444443 0.606334593929933
19.22222222222222 0.60625873293968
19.25 0.6061827876599443
19.27777777777778 0.6061067580833447
19.305555555555557 0.6060306442042679
19.333333333333332 0.6059544460188476
19.36111111111111 0.6058781635249431
19.38888888888889 0.6058017967221184
19.416666666666668 0.605725345611622
19.444444444444443 0.6056488101963664
19.47222222222222 0.6055721904809079
19.5 0.6054954864714268
19.52777777777778 0.605418698175708
19.555555555555557 0.6053418256031214
19.583333333333332 0.6052648687646025
19.61111111111111 0.6051878276726338
19.63888888888889 0.6051107023412261
19.666666666666668 0.6050334927858995
19.694444444444443 0.6049561990236655
19.72222222222222 0.6048788210730086
19.75 0.6048013589538687
19.77777777777778 0.6047238126876229
19.805555555555557 0.6046461822970687
19.833333333333332 0.6045684678064058
19.86111111111111 0.6044906692412199
19.88888888888889 0.6044127866284649
19.916666666666668 0.604334819996447
19.944444444444443 0.6042567693748077
19.97222222222222 0.6041786347945071
20.0 0.6041004162878085
20.02777777777778 0.6040221138882622
20.055555555555557 0.603943727630689
20.083333333333332 0.6038652575511656
20.11111111111111 0.6037867036870084
20.13888888888889 0.6037080660767585
20.166666666666668 0.6036293447601667
20.194444444444443 0.6035505397781783
20.22222222222222 0.6034716511729185
20.25 0.6033926789876776
20.27777777777778 0.603313623266897
20.305555555555557 0.6032344840561544
20.333333333333332 0.60315526140215
20.36111111111111 0.6030759553526925
20.38888888888889 0.6029965659566853
20.416666666666668 0.6029170932641125
20.444444444444443 0.6028375373260261
20.47222222222222 0.6027578981945318
20.5 0.6026781759227768
20.52777777777778 0.602598370564936
20.555555555555557 0.6025184821761993
20.583333333333332 0.6024385108127587
20.61111111111111 0.602358456531796
20.63888888888889 0.6022783193914704
20.666666666666668 0.6021980994509054
20.694444444444443 0.6021177967701776
20.72222222222222 0.6020374114103039
20.75 0.60195694343323
20.77777777777778 0.6018763929018185
20.805555555555557 0.601795759879837
20.833333333333332 0.601715044431947
20.86111111111111 0.6016342466236919
20.88888888888889 0.6015533665214863
20.916666666666668 0.6014724041926046
20.944444444444443 0.60139135970517
20.97222222222222 0.6013102331281434
21.0 0.6012290245313131
21.02777777777778 0.6011477339852838
21.055555555555557 0.6010663615614655
21.083333333333332 0.6009849073320646
21.11111111111111 0.6009033713700717
21.13888888888889 0.600821753749253
21.166666666666668 0.6007400545441391
21.194444444444443 0.6006582738300158
21.22222222222222 0.6005764116829136
21.25 0.6004944681795985
21.27777777777778 0.6004124433975621
21.305555555555557 0.6003303374150116
21.333333333333332 0.6002481503108613
21.36111111111111 0.6001658821647227
21.38888888888889 0.6000835330568951
21.416666666666668 0.600001103068357
21.444444444444443 0.5999185922807564
21.47222222222222 0.5998360007764026
21.5 0.5997533286382573
21.52777777777778 0.5996705759499248
21.555555555555557 0.5995877427956448
21.583333333333332 0.5995048292602827
21.61111111111111 0.5994218354293225
21.63888888888889 0.5993387613888569
21.666666666666668 0.5992556072255799
21.694444444444443 0.5991723730267788
21.72222222222222 0.5990890588803253
21.75 0.5990056648746683
21.77777777777778 0.5989221910988257
21.805555555555557 0.5988386376423765
21.833333333333332 0.5987550045954534
21.86111111111111 0.5986712920487345
21.88888888888889 0.5985875000934364
21.916666666666668 0.5985036288213065
21.944444444444443 0.5984196783246155
21.97222222222222 0.59833564869615
22.0 0.5982515400292056
22.02777777777778 0.5981673524175795
22.055555555555557 0.5980830859555634
22.083333333333332 0.5979987407379366
22.11111111111111 0.5979143168599592
22.13888888888889 0.5978298144173648
22.166666666666668 0.5977452335063542
22.194444444444443 0.5976605742235884
22.22222222222222 0.5975758366661825
22.25 0.597491020931698
22.27777777777778 0.5974061271181379
22.305555555555557 0.5973211553239387
22.333333333333332 0.597236105647965
22.36111111111111 0.5971509781895035
22.38888888888889 0.5970657730482556
22.416666666666668 0.5969804903243324
22.444444444444443 0.5968951301182484
22.47222222222222 0.5968096925309146
22.5 0.5967241776636341
22.52777777777778 0.5966385856180948
22.555555555555557 0.5965529164963643
22.583333333333332 0.5964671704008845
22.61111111111111 0.5963813474344646
22.63888888888889 0.5962954477002773
22.666666666666668 0.5962094713018515
22.694444444444443 0.5961234183430681
22.72222222222222 0.5960372889281539
22.75 0.595951083161676
22.77777777777778 0.5958648011485372
22.805555555555557 0.5957784429939706
22.833333333333332 0.5956920088035336
22.86111111111111 0.5956054986831034
22.88888888888889 0.5955189127388724
22.916666666666668 0.5954322510773418
22.944444444444443 0.595345513805318
22.97222222222222 0.5952587010299069
23.0 0.595171812858509
23.02777777777778 0.595084849398815
23.055555555555557 0.5949978107588008
23.083333333333332 0.5949106970467226
23.11111111111111 0.5948235083711125
23.13888888888889 0.5947362448407738
23.166666666666668 0.5946489065647768
23.194444444444443 0.594561493652453
23.22222222222222 0.5944740062133926
23.25 0.5943864443574384
23.27777777777778 0.5942988081946822
23.305555555555557 0.5942110978354601
23.333333333333332 0.594123313390349
23.36111111111111 0.5940354549701614
23.38888888888889 0.5939475226859419
23.416666666666668 0.5938595166489625
23.444444444444443 0.5937714369707191
23.47222222222222 0.5936832837629271
23.5 0.5935950571375174
23.52777777777778 0.5935067572066323
23.555555555555557 0.5934183840826222
23.583333333333332 0.5933299378780408
23.61111111111111 0.5932414187056424
23.63888888888889 0.5931528266783768
23.666666666666668 0.5930641619093867
23.694444444444443 0.5929754245120031
23.72222222222222 0.5928866145997427
23.75 0.5927977322863027
23.77777777777778 0.592708777685559
23.805555555555557 0.592619750911561
23.833333333333332 0.5925306520785294
23.86111111111111 0.5924414813008521
23.88888888888889 0.5923522386930803
23.916666666666668 0.5922629243699262
23.944444444444443 0.5921735384462591
23.97222222222222 0.5920840810371015
24.0 0.591994552257627
