0.0 0.0
0.027777777777777776 0.005842765299613176
0.05555555555555555 0.014770985927917191
0.08333333333333333 0.025799589556205683
0.1111111111111111 0.03840185367346341
0.1388888888888889 0.05223130879125444
0.16666666666666666 0.06703415531376634
0.19444444444444445 0.08261337779026447
0.2222222222222222 0.09881082982915625
0.25 0.11549682171109037
0.2777777777777778 0.132563375080547
0.3055555555555556 0.14991953244198278
0.3333333333333333 0.16748794749136756
0.3611111111111111 0.18520233459919966
0.3888888888888889 0.20300552197774943
0.4166666666666667 0.22084794143899272
0.4444444444444444 0.238686439930149
0.4722222222222222 0.2564833315657184
0.5 0.27420563155879457
0.5277777777777778 0.291824429299694
0.5555555555555556 0.3093143691055793
0.5833333333333334 0.32665321527714436
0.6111111111111112 0.3438214839770001
0.6388888888888888 0.3608021287280856
0.6666666666666666 0.3775802694683407
0.6944444444444444 0.3941429574093427
0.7222222222222222 0.4104789696600946
0.75 0.4265786288565709
0.7777777777777778 0.44243364400080265
0.8055555555555556 0.45803696944509964
0.8333333333333334 0.47338267951862734
0.8611111111111112 0.48846585672926485
0.8888888888888888 0.503282491815516
0.9166666666666666 0.5178293941945931
0.9444444444444444 0.5321041115706913
0.9722222222222222 0.546104857644471
1.0 0.5598304470101061
1.0277777777777777 0.5732802364468792
1.0555555555555556 0.5864540719133421
1.0833333333333333 0.5993522406374697
1.1111111111111112 0.6119754277689847
1.1388888888888888 0.6243246771224484
1.1666666666666667 0.6364013555935966
1.1944444444444444 0.6482071208781612
1.2222222222222223 0.659743892163222
1.25 0.6710138234968384
1.2777777777777777 0.6820192795731292
1.3055555555555556 0.6927628136976469
1.3333333333333333 0.7032471477223752
1.3611111111111112 0.7134751537613934
1.3888888888888888 0.7234498375175135
1.4166666666666667 0.7331743230673743
1.4444444444444444 0.742651838967764
1.4722222222222223 0.7518857055596138
1.5 0.7608793233583285
1.5277777777777777 0.7696361624300564
1.5555555555555556 0.7781597526633234
1.5833333333333333 0.7864536748542567
1.6111111111111112 0.7945215525315475
1.6388888888888888 0.8023670444544152
1.6666666666666667 0.809993837723252
1.6944444444444444 0.8174056414484032
1.7222222222222223 0.8246061809277475
1.75 0.8315991922884457
1.7777777777777777 0.8383884175524728
1.8055555555555556 0.8449776000893903
1.8333333333333333 0.8513704804232781
1.8611111111111112 0.8575707923639024
1.8888888888888888 0.8635822594350119
1.9166666666666667 0.869408591575256
1.9444444444444444 0.8750534820895295
1.9722222222222223 0.8805206048306606
2.0 0.885813611593281
2.0277777777777777 0.8909361297034301
2.0555555555555554 0.8958917597890314
2.0833333333333335 0.9006840737177775
2.111111111111111 0.9053166126902638
2.138888888888889 0.9097928854773496
2.1666666666666665 0.9141163667917953
2.1944444444444446 0.9182904957851538
2.2222222222222223 0.9223186746617551
2.25 0.9262042674023978
2.2777777777777777 0.9299505985910377
2.3055555555555554 0.9335609523384036
2.3333333333333335 0.9370385712970145
2.361111111111111 0.9403866557625791
2.388888888888889 0.9436083628571998
2.4166666666666665 0.9467068057902073
2.4444444444444446 0.9496850531927996
2.4722222222222223 0.9525461285229785
2.5 0.955293009537548
2.5277777777777777 0.9579286278281971
2.5555555555555554 0.9604558684188856
2.5833333333333335 0.9628775694219636
2.611111111111111 0.9651965217506012
2.638888888888889 0.9674154688852623
2.6666666666666665 0.9695371066920742
2.6944444444444446 0.971564083291055
2.7222222222222223 0.9734989989722581
2.75 0.9753444061579646
2.7777777777777777 0.9771028094091333
2.8055555555555554 0.978776665474367
2.8333333333333335 0.9803683833797131
2.861111111111111 0.9818803245576503
2.888888888888889 0.9833148030136601
2.9166666666666665 0.9846740855288029
2.9444444444444446 0.9859603918967531
2.9722222222222223 0.9871758951937708
3.0 0.9883227220801055
3.0277777777777777 0.9894029531313495
3.0555555555555554 0.9904186231982792
3.0833333333333335 0.9913717217937336
3.111111111111111 0.992264193505103
3.138888888888889 0.9930979384310133
3.1666666666666665 0.9938748126408102
3.1944444444444446 0.9945966286554679
3.2222222222222223 0.9952651559485612
3.25 0.9958821214659619
3.2777777777777777 0.9964492101629442
3.3055555555555554 0.9969680655573988
3.3333333333333335 0.9974402902978872
3.361111111111111 0.9978674467452856
3.388888888888889 0.9982510575667972
3.4166666666666665 0.9985926063411391
3.4444444444444446 0.9988935381737378
3.4722222222222223 0.9991552603207934
3.5 0.9993791428211152
3.5277777777777777 0.9995665191346461
3.5555555555555554 0.9997186867866429
3.5833333333333335 0.9998369080165002
3.611111111111111 0.9999224104302502
3.638888888888889 0.9999763876557994
3.6666666666666665 1.0
3.6944444444444446 0.999994375106693
3.7222222222222223 0.9999606086148928
3.75 0.9998997648163207
3.7777777777777777 0.9998128773115346
3.8055555555555554 0.9997009496639319
3.8333333333333335 0.9995649560509454
3.861111111111111 0.9994058419117867
3.888888888888889 0.9992245245911251
3.9166666666666665 0.9990218939781276
3.9444444444444446 0.9987988131403222
3.9722222222222223 0.9985561189517752
4.0 0.9982946227151162
4.027777777777778 0.9980151107769656
4.055555555555555 0.9977183451363677
4.083333333333333 0.9974050640458444
4.111111111111111 0.9970759826047332
4.138888888888889 0.9967317933444934
4.166666666666667 0.9963731668056911
4.194444444444445 0.9960007521064138
4.222222222222222 0.9956151775018731
4.25 0.9952170509350015
4.277777777777778 0.9948069605778548
4.305555555555555 0.9943854753636701
4.333333333333333 0.9939531455094416
4.361111111111111 0.9935105030289042
4.388888888888889 0.9930580622358373
4.416666666666667 0.9925963202376108
4.444444444444445 0.992125757418928
4.472222222222222 0.991646837915726
4.5 0.9911600100792193
4.527777777777778 0.9906657069300799
4.555555555555555 0.9901643466027727
4.583333333333333 0.9896563327800688
4.611111111111111 0.9891420551177756
4.638888888888889 0.9886218896597413
4.666666666666667 0.9880961992431896
4.694444444444445 0.987565333894466
4.722222222222222 0.9870296312152731
4.75 0.9864894167594912
4.777777777777778 0.9859450044006837
4.805555555555555 0.9853966966903951
4.833333333333333 0.9848447852073585
4.861111111111111 0.984289550897733
4.888888888888889 0.9837312644064957
4.916666666666667 0.9831701864001284
4.944444444444445 0.9826065678807218
4.972222222222222 0.9820406504916523
5.0 0.981472666814966
5.027777777777778 0.9809028406606182
5.055555555555555 0.9803313873477201
5.083333333333333 0.979758513977943
5.111111111111111 0.9791844197012302
5.138888888888889 0.9786092959739753
5.166666666666667 0.9780333268098197
5.194444444444445 0.977456689023224
5.222222222222222 0.976879552465972
5.25 0.976302080256761
5.277777777777778 0.9757244290040366
5.305555555555555 0.975146749022223
5.333333333333333 0.9745691845415105
5.361111111111111 0.973991873911345
5.388888888888889 0.9734149497977793
5.416666666666667 0.9728385393748326
5.444444444444445 0.9722627645100107
5.472222222222222 0.971687741944133
5.5 0.9711135834656125
5.527777777777778 0.9705403960793348
5.555555555555555 0.9699682821702754
5.583333333333333 0.9693973396619999
5.611111111111111 0.9688276621701788
5.638888888888889 0.9682593391512592
5.666666666666667 0.967692456046422
5.694444444444445 0.9671270944209576
5.722222222222222 0.9665633320991878
5.75 0.9660012432950614
5.777777777777778 0.9654408987385451
5.805555555555555 0.9648823657979325
5.833333333333333 0.9643257085981879
5.861111111111111 0.9637709881354427
5.888888888888889 0.9632182623877561
5.916666666666667 0.962667586422252
5.944444444444445 0.9621190124987411
5.972222222222222 0.9615725901699304
6.0 0.9610283663783268
6.027777777777778 0.9604863855499365
6.055555555555555 0.959946689684852
6.083333333333333 0.9594093184448292
6.111111111111111 0.9588743092379456
6.138888888888889 0.9583416973004262
6.166666666666667 0.9578115157757349
6.194444444444445 0.9572837957910064
6.222222222222222 0.9567585665309112
6.25 0.956235855309029
6.277777777777778 0.9557156876368148
6.305555555555555 0.95519808729023
6.333333333333333 0.954683076374116
6.361111111111111 0.9541706753843845
6.388888888888889 0.9536609032680888
6.416666666666667 0.9531537774814534
6.444444444444445 0.9526493140459203
6.472222222222222 0.9521475276022822
6.5 0.951648431462963
6.527777777777778 0.951152037662505
6.555555555555555 0.9506583570063267
6.583333333333333 0.9501673991178011
6.611111111111111 0.9496791724837165
6.638888888888889 0.9491936844981697
6.666666666666667 0.9487109415049464
6.694444444444445 0.9482309488384354
6.722222222222222 0.9477537108631294
6.75 0.9472792310117578
6.777777777777778 0.9468075118220977
6.805555555555555 0.9463385549725067
6.833333333333333 0.9458723613162228
6.861111111111111 0.9454089309144694
6.888888888888889 0.9449482630684102
6.916666666666667 0.9444903563499873
6.944444444444445 0.9440352086316869
6.972222222222222 0.9435828171152626
7.0 0.9431331783594561
7.027777777777778 0.9426862883067483
7.055555555555555 0.9422421423091716
7.083333333333333 0.9418007351532185
7.111111111111111 0.9413620610838765
7.138888888888889 0.9409261138278165
7.166666666666667 0.9404928866157685
7.194444444444445 0.9400623722041065
7.222222222222222 0.9396345628956773
7.25 0.9392094505598885
7.277777777777778 0.9387870266520937
7.305555555555555 0.9383672822322874
7.333333333333333 0.9379502079831422
7.361111111111111 0.937535794227404
7.388888888888889 0.9371240309446731
7.416666666666667 0.9367149077875877
7.444444444444445 0.9363084140974334
7.472222222222222 0.9359045389191973
7.5 0.9355032710160852
7.527777777777778 0.9351045988835209
7.555555555555555 0.9347085107626472
7.583333333333333 0.9343149946533424
7.611111111111111 0.933924038326772
7.638888888888889 0.9335356293374887
7.666666666666667 0.9331497550351007
7.694444444444445 0.9327664025755179
7.722222222222222 0.9323855589317945
7.75 0.9320072109045802
7.777777777777778 0.9316313451321935
7.805555555555555 0.9312579481003309
7.833333333333333 0.9308870061514242
7.861111111111111 0.9305185054936572
7.888888888888889 0.9301524322096557
7.916666666666667 0.9297887722648598
7.944444444444445 0.9294275115155892
7.972222222222222 0.9290686357168157
8.0 0.9287121305296488
8.027777777777779 0.9283579815285465
8.055555555555555 0.9280061742082599
8.083333333333334 0.9276566939905225
8.11111111111111 0.9273095262304892
8.13888888888889 0.9269646562229384
8.166666666666666 0.926622069208242
8.194444444444445 0.926281750378112
8.222222222222221 0.9259436848811333
8.25 0.9256078578280861
8.277777777777779 0.925274254297069
8.305555555555555 0.9249428593384287
8.333333333333334 0.9246136579795006
8.36111111111111 0.9242866352291705
8.38888888888889 0.9239617760822602
8.416666666666666 0.9236390655237459
8.444444444444445 0.923318488532812
8.472222222222221 0.92300003008675
8.5 0.9226836751647035
8.527777777777779 0.9223694087512676
8.555555555555555 0.9220572158399467
8.583333333333334 0.9217470814364761
8.61111111111111 0.9214389905620097
8.63888888888889 0.9211329282561828
8.666666666666666 0.9208288795800498
8.694444444444445 0.920526829618904
8.722222222222221 0.9202267634849828
8.75 0.9199286663200609
8.777777777777779 0.9196325232979372
8.805555555555555 0.9193383196268193
8.833333333333334 0.9190460405516062
8.86111111111111 0.9187556713560756
8.88888888888889 0.9184671973649784
8.916666666666666 0.9181806039460426
8.944444444444445 0.9178958765118921
8.972222222222221 0.9176130005218777
9.0 0.9173319614838327
9.027777777777779 0.9170527449557445
9.055555555555555 0.9167753365473557
9.083333333333334 0.9164997219216898
9.11111111111111 0.9162258867965057
9.13888888888889 0.9159538169456868
9.166666666666666 0.915683498200562
9.194444444444445 0.9154149164511654
9.222222222222221 0.9151480576474326
9.25 0.9148829078003402
9.277777777777779 0.9146194529829863
9.305555555555555 0.9143576793316174
9.333333333333334 0.9140975730466008
9.36111111111111 0.9138391203933472
9.38888888888889 0.9135823077031823
9.416666666666666 0.913327121374171
9.444444444444445 0.9130735478718955
9.472222222222221 0.9128215737301896
9.5 0.912571185551828
9.527777777777779 0.9123223700091769
9.555555555555555 0.9120751138448006
9.583333333333334 0.9118294038720332
9.61111111111111 0.9115852269755111
9.63888888888889 0.9113425701116701
9.666666666666666 0.9111014203092059
9.694444444444445 0.9108617646695046
9.722222222222221 0.9106235903670367
9.75 0.9103868846497232
9.777777777777779 0.91015163483927
9.805555555555555 0.9099178283314726
9.833333333333334 0.909685452596495
9.86111111111111 0.9094544951791189
9.88888888888889 0.9092249436989693
9.916666666666666 0.9089967858507126
9.944444444444445 0.9087700094042328
9.972222222222221 0.9085446022047813
10.0 0.9083205521731088
10.027777777777779 0.9080978473055694
10.055555555555555 0.9078764756742096
10.083333333333334 0.9076564254268337
10.11111111111111 0.9074376847870506
10.13888888888889 0.9072202420543014
10.166666666666666 0.907004085603871
10.194444444444445 0.9067892038868792
10.222222222222221 0.9065755854302578
10.25 0.90636321883671
10.277777777777779 0.9061520927846552
10.305555555555555 0.905942196028159
10.333333333333334 0.9057335173968464
10.36111111111111 0.9055260457958059
10.38888888888889 0.9053197702054758
10.416666666666666 0.90511467968152
10.444444444444445 0.9049107633546921
10.472222222222221 0.9047080104306856
10.5 0.9045064101899736
10.527777777777779 0.90430595198764
10.555555555555555 0.9041066252531959
10.583333333333334 0.9039084194903895
10.61111111111111 0.9037113242770056
10.63888888888889 0.9035153292646548
10.666666666666666 0.9033204241785544
10.694444444444445 0.9031265988173014
10.722222222222221 0.9029338430526371
10.75 0.9027421468292034
10.777777777777779 0.9025515001642926
10.805555555555555 0.9023618931475885
10.833333333333334 0.9021733159409028
10.86111111111111 0.9019857587779037
10.88888888888889 0.9017992119638382
10.916666666666666 0.9016136658752489
10.944444444444445 0.901429110959685
10.972222222222221 0.9012455377354086
11.0 0.9010629367910941
11.027777777777779 0.9008812987855238
11.055555555555555 0.900700614447281
11.083333333333334 0.9005208745744333
11.11111111111111 0.9003420700342176
11.13888888888889 0.9001641917627173
11.166666666666666 0.8999872307645367
11.194444444444445 0.8998111781124728
11.222222222222221 0.899636024947182
11.25 0.8994617624768454
11.277777777777779 0.8992883819768306
11.305555555555555 0.8991158747893485
11.333333333333334 0.8989442323231114
11.36111111111111 0.8987734460529855
11.38888888888889 0.8986035075196424
11.416666666666666 0.8984344083292072
11.444444444444445 0.8982661401529072
11.472222222222221 0.898098694726716
11.5 0.8979320638509969
11.527777777777779 0.8977662393901443
11.555555555555555 0.8976012132722258
11.583333333333334 0.8974369774886186
11.61111111111111 0.8972735240936495
11.63888888888889 0.8971108452042306
11.666666666666666 0.8969489329994952
11.694444444444445 0.8967877797204324
11.722222222222221 0.8966273776695218
11.75 0.8964677192103654
11.777777777777779 0.8963087967673228
11.805555555555555 0.896150602825141
11.833333333333334 0.8959931299285885
11.86111111111111 0.8958363706820855
11.88888888888889 0.8956803177493364
11.916666666666666 0.8955249638529603
11.944444444444445 0.8953703017741231
11.972222222222221 0.8952163243521691
12.0 0.8950630244842509
12.027777777777779 0.8949103951249633
12.055555555555555 0.8947584292859737
12.083333333333334 0.894607120035655
12.11111111111111 0.8944564604987181
12.13888888888889 0.8943064438558448
12.166666666666666 0.8941570633433222
12.194444444444445 0.8940083122526765
12.222222222222221 0.8938601839303076
12.25 0.8937126717771244
12.277777777777779 0.8935657692481829
12.305555555555555 0.8934194698523207
12.333333333333334 0.8932737671517964
12.36111111111111 0.8931286547619284
12.38888888888889 0.8929841263507342
12.416666666666666 0.8928401756385713
12.444444444444445 0.8926967963977784
12.472222222222221 0.8925539824523184
12.5 0.8924117276774237
12.527777777777779 0.8922700259992379
12.555555555555555 0.8921288713944651
12.583333333333334 0.8919882578900155
12.61111111111111 0.8918481795626545
12.63888888888889 0.891708630538652
12.666666666666666 0.8915696049934342
12.694444444444445 0.891431097151235
12.722222222222221 0.891293101284751
12.75 0.8911556117147953
12.777777777777779 0.8910186228099549
12.805555555555555 0.890882128986248
12.833333333333334 0.890746124706784
12.86111111111111 0.8906106044814236
12.88888888888889 0.8904755628664414
12.916666666666666 0.8903409944641895
12.944444444444445 0.8902068939227633
12.972222222222221 0.8900732559356679
13.0 0.8899400752414867
13.027777777777779 0.8898073466235503
13.055555555555555 0.8896750649096101
13.083333333333334 0.88954322497151
13.11111111111111 0.8894118217248606
13.13888888888889 0.8892808501287176
13.166666666666666 0.889150305185258
13.194444444444445 0.8890201819394598
13.222222222222221 0.8888904754787851
13.25 0.8887611809328607
13.277777777777779 0.8886322934731649
13.305555555555555 0.8885038083127117
13.333333333333334 0.8883757207057408
13.36111111111111 0.8882480259474062
13.38888888888889 0.8881207193734679
13.416666666666666 0.8879937963599853
13.444444444444445 0.8878672523230114
13.472222222222221 0.8877410827182907
13.5 0.8876152830409555
13.527777777777779 0.8874898488252279
13.555555555555555 0.8873647756441205
13.583333333333334 0.887240059109141
13.61111111111111 0.887115694869996
13.63888888888889 0.8869916786142987
13.666666666666666 0.8868680060672778
13.694444444444445 0.8867446729914883
13.722222222222221 0.8866216751865231
13.75 0.8864990084887278
13.777777777777779 0.886376668770915
13.805555555555555 0.8862546519420835
13.833333333333334 0.8861329539471373
13.86111111111111 0.886011570766605
13.88888888888889 0.8858904984163646
13.916666666666666 0.8857697329473667
13.944444444444445 0.8856492704453618
13.972222222222221 0.8855291070306275
14.0 0.8854092388576978
14.027777777777779 0.8852896621150961
14.055555555555555 0.8851703730250671
14.083333333333334 0.8850513678433122
14.11111111111111 0.8849326428587263
14.13888888888889 0.8848141943931356
14.166666666666666 0.8846960188010393
14.194444444444445 0.8845781124693496
14.222222222222221 0.8844604718171358
14.25 0.8843430932953704
14.277777777777779 0.8842259733866751
14.305555555555555 0.88410910860507
14.333333333333334 0.8839924954957239
14.36111111111111 0.8838761306347057
14.38888888888889 0.8837600106287397
14.416666666666666 0.8836441321149596
14.444444444444445 0.8835284917606663
14.472222222222221 0.883413086263086
14.5 0.8832979123491324
14.527777777777779 0.8831829667751654
14.555555555555555 0.8830682463267595
14.583333333333334 0.882953747818465
14.61111111111111 0.8828394680935774
14.63888888888889 0.8827254040239054
14.666666666666666 0.8826115525095414
14.694444444444445 0.8824979104786328
14.722222222222221 0.8823844748871564
14.75 0.8822712427186936
14.777777777777779 0.8821582109842055
14.805555555555555 0.8820453767218139
14.833333333333334 0.8819327369965789
14.86111111111111 0.8818202889002813
14.88888888888889 0.8817080295512062
14.916666666666666 0.8815959560939265
14.944444444444445 0.8814840656990904
14.972222222222221 0.8813723555632077
15.0 0.8812608229084403
15.027777777777779 0.8811494649823927
15.055555555555555 0.8810382790579037
15.083333333333334 0.8809272624328415
15.11111111111111 0.8808164124298976
15.13888888888889 0.8807057263963848
15.166666666666666 0.8805952017040354
15.194444444444445 0.8804848357488007
15.222222222222221 0.8803746259506527
15.25 0.8802645697533865
15.277777777777779 0.8801546646244247
15.305555555555555 0.8800449080546242
15.333333333333334 0.8799352975580812
15.36111111111111 0.8798258306719421
15.38888888888889 0.8797165049562119
15.416666666666666 0.879607317993567
15.444444444444445 0.8794982673891665
15.472222222222221 0.879389350770468
15.5 0.8792805657870431
15.527777777777779 0.8791719101103932
15.555555555555555 0.8790633814337697
15.583333333333334 0.8789549774719927
15.61111111111111 0.8788466959612726
15.63888888888889 0.8787385346590328
15.666666666666666 0.8786304913437336
15.694444444444445 0.8785225638146972
15.722222222222221 0.878414749891934
15.75 0.8783070474159719
15.777777777777779 0.878199454247684
15.805555555555555 0.8780919682681202
15.833333333333334 0.8779845873783384
15.86111111111111 0.8778773094992381
15.88888888888889 0.8777701325713945
15.916666666666666 0.8776630545548945
15.944444444444445 0.8775560734291737
15.972222222222221 0.8774491871928541
16.0 0.8773423938635848
16.02777777777778 0.8772356914778809
16.055555555555557 0.8771290780909675
16.083333333333332 0.877022551776621
16.11111111111111 0.8769161106270161
16.13888888888889 0.876809752752568
16.166666666666668 0.8767034762817817
16.194444444444443 0.8765972793611004
16.22222222222222 0.876491160154752
16.25 0.8763851168446029
16.27777777777778 0.8762791476300068
16.305555555555557 0.8761732507276593
16.333333333333332 0.8760674243714506
16.36111111111111 0.8759616668123215
16.38888888888889 0.875855976318119
16.416666666666668 0.8757503511734539
16.444444444444443 0.8756447896795584
16.47222222222222 0.8755392901541478
16.5 0.8754338509312788
16.52777777777778 0.8753284703612125
16.555555555555557 0.875223146810277
16.583333333333332 0.8751178786607323
16.61111111111111 0.8750126643106331
16.63888888888889 0.8749075021736975
16.666666666666668 0.8748023906791725
16.694444444444443 0.8746973282717029
16.72222222222222 0.8745923134112
16.75 0.8744873445727137
16.77777777777778 0.8743824202463012
16.805555555555557 0.8742775389369012
16.833333333333332 0.8741726991642076
16.86111111111111 0.8740678994625422
16.88888888888889 0.8739631383807316
16.916666666666668 0.8738584144819832
16.944444444444443 0.8737537263437631
16.97222222222222 0.8736490725576735
17.0 0.873544451729333
17.02777777777778 0.8734398624782559
17.055555555555557 0.8733353034377354
17.083333333333332 0.8732307732547235
17.11111111111111 0.8731262705897165
17.13888888888889 0.8730217941166373
17.166666666666668 0.8729173425227222
17.194444444444443 0.8728129145084055
17.22222222222222 0.8727085087872065
17.25 0.8726041240856193
17.27777777777778 0.8724997591429988
17.305555555555557 0.8723954127114526
17.333333333333332 0.8722910835557306
17.36111111111111 0.872186770453116
17.38888888888889 0.872082472193319
17.416666666666668 0.8719781875783689
17.444444444444443 0.8718739154225085
17.47222222222222 0.8717696545520898
17.5 0.8716654038054671
17.52777777777778 0.8715611620328982
17.555555555555557 0.8714569280964378
17.583333333333332 0.8713527008698377
17.61111111111111 0.871248479238446
17.63888888888889 0.8711442620991059
17.666666666666668 0.8710400483600578
17.694444444444443 0.8709358369408408
17.72222222222222 0.870831626772194
17.75 0.8707274167959608
17.77777777777778 0.8706232059649928
17.805555555555557 0.8705189932430543
17.833333333333332 0.8704147776047274
17.86111111111111 0.8703105580353196
17.88888888888889 0.8702063335307694
17.916666666666668 0.8701021030975561
17.944444444444443 0.8699978657526061
17.97222222222222 0.8698936205232044
18.0 0.8697893664469034
18.02777777777778 0.8696851025714342
18.055555555555557 0.8695808279546189
18.083333333333332 0.8694765416642811
18.11111111111111 0.8693722427781612
18.13888888888889 0.8692679303838282
18.166666666666668 0.8691636035785959
18.194444444444443 0.8690592614694367
18.22222222222222 0.8689549031728984
18.25 0.8688505278150198
18.27777777777778 0.8687461345312498
18.305555555555557 0.868641722466363
18.333333333333332 0.8685372907743801
18.36111111111111 0.8684328386184867
18.38888888888889 0.868328365170953
18.416666666666668 0.8682238696130548
18.444444444444443 0.8681193511349947
18.47222222222222 0.8680148089358236
18.5 0.8679102422233641
18.52777777777778 0.8678056502141336
18.555555555555557 0.8677010321332677
18.583333333333332 0.8675963872144442
18.61111111111111 0.8674917146998106
18.63888888888889 0.8673870138399064
18.666666666666668 0.8672822838935929
18.694444444444443 0.8671775241279777
18.72222222222222 0.8670727338183434
18.75 0.8669679122480765
18.77777777777778 0.8668630587085934
18.805555555555557 0.866758172499274
18.833333333333332 0.8666532529273882
18.86111111111111 0.8665482993080273
18.88888888888889 0.866443310964036
18.916666666666668 0.866338287225944
18.944444444444443 0.8662332274318973
18.97222222222222 0.866128130927592
19.0 0.8660229970662073
19.02777777777778 0.8659178252083398
19.055555555555557 0.8658126147219373
19.083333333333332 0.8657073649822348
19.11111111111111 0.8656020753716894
19.13888888888889 0.8654967452799168
19.166666666666668 0.8653913741036283
19.194444444444443 0.8652859612465671
19.22222222222222 0.8651805061194471
19.25 0.8650750081398901
19.27777777777778 0.8649694667323656
19.305555555555557 0.8648638813281291
19.333333333333332 0.864758251365163
19.36111111111111 0.8646525762881162
19.38888888888889 0.8645468555482445
19.416666666666668 0.8644410886033532
19.444444444444443 0.8643352749177384
19.47222222222222 0.864229413962128
19.5 0.8641235052136262
19.52777777777778 0.8640175481556561
19.555555555555557 0.8639115422779036
19.583333333333332 0.8638054870762607
19.61111111111111 0.8636993820527716
19.63888888888889 0.8635932267155771
19.666666666666668 0.86348702057886
19.694444444444443 0.8633807631627911
19.72222222222222 0.8632744539934769
19.75 0.8631680926029055
19.77777777777778 0.8630616785288936
19.805555555555557 0.8629552113150356
19.833333333333332 0.8628486905106509
19.86111111111111 0.8627421156707333
19.88888888888889 0.8626354863558997
19.916666666666668 0.8625288021323397
19.944444444444443 0.8624220625717668
19.97222222222222 0.8623152672513661
20.0 0.8622084157537483
20.02777777777778 0.862101507666899
20.055555555555557 0.8619945425841313
20.083333333333332 0.8618875201040371
20.11111111111111 0.8617804398304408
20.13888888888889 0.8616733013723504
20.166666666666668 0.8615661043439127
20.194444444444443 0.8614588483643663
20.22222222222222 0.8613515330579947
20.25 0.8612441580540823
20.27777777777778 0.8611367229868686
20.305555555555557 0.8610292274955031
20.333333333333332 0.8609216712240017
20.36111111111111 0.8608140538212018
20.38888888888889 0.8607063749407198
20.416666666666668 0.8605986342409065
20.444444444444443 0.8604908313848052
20.47222222222222 0.8603829660401092
20.5 0.8602750378791186
20.52777777777778 0.8601670465787002
20.555555555555557 0.8600589918202441
20.583333333333332 0.859950873289624
20.61111111111111 0.8598426906771562
20.63888888888889 0.8597344436775589
20.666666666666668 0.8596261319899122
20.694444444444443 0.8595177553176181
20.72222222222222 0.859409313368362
20.75 0.859300805854073
20.77777777777778 0.8591922324908849
20.805555555555557 0.8590835929990989
20.833333333333332 0.8589748871031442
20.86111111111111 0.858866114531541
20.88888888888889 0.8587572750168634
20.916666666666668 0.8586483682957019
20.944444444444443 0.8585393941086265
20.97222222222222 0.8584303522001497
21.0 0.8583212423186921
21.02777777777778 0.8582120642165447
21.055555555555557 0.8581028176498351
21.083333333333332 0.8579935023784898
21.11111111111111 0.8578841181662019
21.13888888888889 0.8577746647803951
21.166666666666668 0.8576651419921892
21.194444444444443 0.8575555495763668
21.22222222222222 0.8574458873113392
21.25 0.8573361549791125
21.27777777777778 0.8572263523652554
21.305555555555557 0.8571164792588651
21.333333333333332 0.8570065354525355
21.36111111111111 0.8568965207423247
21.38888888888889 0.8567864349277232
21.416666666666668 0.8566762778116208
21.444444444444443 0.8565660492002775
21.47222222222222 0.8564557489032895
21.5 0.8563453767335605
21.52777777777778 0.8562349325072689
21.555555555555557 0.8561244160438397
21.583333333333332 0.8560138271659127
21.61111111111111 0.8559031656993125
21.63888888888889 0.8557924314730192
21.666666666666668 0.8556816243191403
21.694444444444443 0.8555707440728784
21.72222222222222 0.8554597905725055
21.75 0.8553487636593325
21.77777777777778 0.8552376631776814
21.805555555555557 0.8551264889748564
21.833333333333332 0.8550152409011174
21.86111111111111 0.8549039188096506
21.88888888888889 0.8547925225565421
21.916666666666668 0.8546810520007508
21.944444444444443 0.8545695070040806
21.97222222222222 0.8544578874311539
22.0 0.8543461931493858
22.02777777777778 0.8542344240289566
22.055555555555557 0.8541225799427865
22.083333333333332 0.8540106607665101
22.11111111111111 0.8538986663784492
22.13888888888889 0.8537865966595891
22.166666666666668 0.8536744514935528
22.194444444444443 0.8535622307665756
22.22222222222222 0.8534499343674811
22.25 0.8533375621876556
22.27777777777778 0.8532251141210249
22.305555555555557 0.8531125900640296
22.333333333333332 0.8529999899156011
22.36111111111111 0.8528873135771379
22.38888888888889 0.8527745609524826
22.416666666666668 0.8526617319478976
22.444444444444443 0.8525488264720433
22.47222222222222 0.852435844435954
22.5 0.8523227857530153
22.52777777777778 0.8522096503389435
22.555555555555557 0.8520964381117594
22.583333333333332 0.8519831489917706
22.61111111111111 0.851869782901546
22.63888888888889 0.8517563397658966
22.666666666666668 0.8516428195118517
22.694444444444443 0.8515292220686397
22.72222222222222 0.8514155473676652
22.75 0.8513017953424892
22.77777777777778 0.8511879659288072
22.805555555555557 0.8510740590644296
22.833333333333332 0.8509600746892599
22.86111111111111 0.8508460127452759
22.88888888888889 0.8507318731765091
22.916666666666668 0.8506176559290239
22.944444444444443 0.850503360950899
22.97222222222222 0.850388988192207
23.0 0.8502745376049954
23.02777777777778 0.8501600091432671
23.055555555555557 0.8500454027629613
23.083333333333332 0.8499307184219347
23.11111111111111 0.8498159560799435
23.13888888888889 0.8497011156986226
23.166666666666668 0.8495861972414698
23.194444444444443 0.8494712006738254
23.22222222222222 0.8493561259628557
23.25 0.8492409730775334
23.27777777777778 0.8491257419886212
23.305555555555557 0.8490104326686541
23.333333333333332 0.8488950450919203
23.36111111111111 0.8487795792344456
23.38888888888889 0.8486640350739758
23.416666666666668 0.8485484125899587
23.444444444444443 0.8484327117635285
23.47222222222222 0.8483169325774881
23.5 0.8482010750162929
23.52777777777778 0.8480851390660344
23.555555555555557 0.8479691247144235
23.583333333333332 0.8478530319507749
23.61111111111111 0.8477368607659901
23.63888888888889 0.8476206111525425
23.666666666666668 0.8475042831044612
23.694444444444443 0.8473878766173156
23.72222222222222 0.8472713916881995
23.75 0.8471548283157156
23.77777777777778 0.8470381864999614
23.805555555555557 0.8469214662425125
23.833333333333332 0.8468046675464094
23.86111111111111 0.846687790416141
23.88888888888889 0.8465708348576307
23.916666666666668 0.846453800878222
23.944444444444443 0.8463366884866641
23.97222222222222 0.8462194976930968
