0.0 0.0
0.1111111111111111 0.29154682976003193
0.2222222222222222 0.4836289278636782
0.3333333333333333 0.6220702766221494
0.4444444444444444 0.7258168161052889
0.5555555555555556 0.8047716824154624
0.6666666666666666 0.8649389652143773
0.7777777777777778 0.9103700419760447
0.8888888888888888 0.9440129112720674
1.0 0.9681212453652099
1.1111111111111112 0.9844719412722331
1.2222222222222223 0.9944936588105556
1.3333333333333333 0.9993504088900561
1.4444444444444444 1.0
1.5555555555555556 0.9972368774888158
1.6666666666666667 0.9917244101149189
1.7777777777777777 0.9840196154024922
1.8888888888888888 0.9745922802372181
2.0 0.9638398541652314
2.111111111111111 0.9520991316152515
2.2222222222222223 0.9396554926934837
2.3333333333333335 0.9267502927701524
2.4444444444444446 0.9135868548339064
2.5555555555555554 0.9003354122986443
2.6666666666666665 0.8871372657168296
2.7777777777777777 0.8741083497182252
2.888888888888889 0.8613423531750164
3.0 0.8489134937908137
3.111111111111111 0.8368790162575279
3.2222222222222223 0.8252814593304842
3.3333333333333335 0.8141507202806426
3.4444444444444446 0.803505933911274
3.5555555555555554 0.7933571764649396
3.6666666666666665 0.7837070011817147
3.7777777777777777 0.7745518110160804
3.888888888888889 0.765883074246454
4.0 0.7576883897536377
4.111111111111111 0.7499524101041919
4.222222222222222 0.742657631905913
4.333333333333333 0.7357850639899052
4.444444444444445 0.729314784706094
4.555555555555555 0.7232263999629286
4.666666666666667 0.7174994136166386
4.777777777777778 0.7121135214719897
4.888888888888889 0.70704883956174
5.0 0.7022860765965231
5.111111111111111 0.6978066595871212
5.222222222222222 0.6935928206948946
5.333333333333333 0.6896276524106496
5.444444444444445 0.6858951372334584
5.555555555555555 0.6823801571446563
5.666666666666667 0.6790684873651095
5.777777777777778 0.6759467781552219
5.888888888888889 0.6730025277706008
6.0 0.6702240491211213
6.111111111111111 0.667600432193618
6.222222222222222 0.6651215038829942
6.333333333333333 0.6627777865264428
6.444444444444445 0.660560456143551
6.555555555555555 0.6584613011441097
6.666666666666667 0.6564726820685728
6.777777777777778 0.6545874927668616
6.888888888888889 0.6527991232937903
7.0 0.6511014246985741
7.111111111111111 0.649488675807147
7.222222222222222 0.6479555520354108
7.333333333333333 0.6464970962257186
7.444444444444445 0.6451086914649926
7.555555555555555 0.6437860358185449
7.666666666666667 0.6425251188968839
7.777777777777778 0.6413222001619612
7.888888888888889 0.6401737888730714
8.0 0.6390766255699043
8.11111111111111 0.6380276649901723
8.222222222222221 0.6370240603211105
8.333333333333334 0.636063148687401
8.444444444444445 0.635142437782303
8.555555555555555 0.6342595935535932
8.666666666666666 0.6334124288611181
8.777777777777779 0.632598893028105
8.88888888888889 0.6318170622137359
9.0 0.6310651305397509
9.11111111111111 0.630341401908929
9.222222222222221 0.6296442824581561
9.333333333333334 0.6289722735933881
9.444444444444445 0.6283239655581325
9.555555555555555 0.6276980314911077
9.666666666666666 0.6270932219324862
9.777777777777779 0.6265083597415866
9.88888888888889 0.6259423353920754
10.0 0.6253941026136784
10.11111111111111 0.6248626743520839
10.222222222222221 0.6243471190211908
10.333333333333334 0.6238465570241002
10.444444444444445 0.6233601575212998
10.555555555555555 0.622887135426371
10.666666666666666 0.6224267486112376
10.777777777777779 0.6219782953045435
10.88888888888889 0.6215411116681407
11.0 0.6211145695379662
11.11111111111111 0.6206980743167467
11.222222222222221 0.6202910630070322
11.333333333333334 0.6198930023740233
11.444444444444445 0.619503387228544
11.555555555555555 0.6191217388212965
11.666666666666666 0.6187476033402751
11.777777777777779 0.6183805505038712
11.88888888888889 0.6180201722428055
12.0 0.6176660814645787
12.11111111111111 0.6173179108946242
12.222222222222221 0.6169753119888151
12.333333333333334 0.6166379539123866
12.444444444444445 0.6163055225807235
12.555555555555555 0.6159777197578061
12.666666666666666 0.6156542622084346
12.777777777777779 0.6153348809006359
12.88888888888889 0.6150193202549359
13.0 0.6147073374374136
13.11111111111111 0.6143987016936927
13.222222222222221 0.6140931937212218
13.333333333333334 0.6137906050773941
13.444444444444445 0.6134907376212262
13.555555555555555 0.6131934029864827
13.666666666666666 0.6128984220842775
13.777777777777779 0.6126056246333212
13.88888888888889 0.612314848716113
14.0 0.6120259403594885
14.11111111111111 0.6117387531380456
14.222222222222221 0.6114531477990672
14.333333333333334 0.6111689919076587
14.444444444444445 0.6108861595108911
14.555555555555555 0.6106045308198358
14.666666666666666 0.6103239919084379
14.777777777777779 0.6100444344282449
14.88888888888889 0.6097657553380804
15.0 0.6094878566477969
15.11111111111111 0.6092106451753067
15.222222222222221 0.6089340323161371
15.333333333333334 0.6086579338248035
15.444444444444445 0.6083822696073363
15.555555555555555 0.6081069635243426
15.666666666666666 0.6078319432040161
15.777777777777779 0.6075571398645516
15.88888888888889 0.6072824881454438
16.0 0.6070079259471919
16.11111111111111 0.6067333942789516
16.22222222222222 0.606458837113708
16.333333333333332 0.6061842012505664
16.444444444444443 0.6059094361837835
16.555555555555557 0.6056344939781783
16.666666666666668 0.6053593291505912
16.77777777777778 0.6050838985570701
16.88888888888889 0.6048081612854885
17.0 0.6045320785533108
17.11111111111111 0.6042556136102403
17.22222222222222 0.6039787316455009
17.333333333333332 0.6037013996995099
17.444444444444443 0.6034235865797267
17.555555555555557 0.6031452627804587
17.666666666666668 0.6028664004064268
17.77777777777778 0.6025869730999065
17.88888888888889 0.6023069559712586
18.0 0.6020263255326853
18.11111111111111 0.6017450596350524
18.22222222222222 0.6014631374076232
18.333333333333332 0.601180539200565
18.444444444444443 0.6008972465300881
18.555555555555557 0.6006132420260945
18.666666666666668 0.6003285093822093
18.77777777777778 0.6000430333080842
18.88888888888889 0.5997567994838587
19.0 0.5994697945166821
19.11111111111111 0.5991820058991912
19.22222222222222 0.5988934219698547
19.333333333333332 0.5986040318750964
19.444444444444443 0.5983138255331082
19.555555555555557 0.5980227935992797
19.666666666666668 0.5977309274331647
19.77777777777778 0.5974382190669127
19.88888888888889 0.5971446611750991
20.0 0.596850247045888
20.11111111111111 0.5965549705534652
20.22222222222222 0.5962588261316848
20.333333333333332 0.5959618087488717
20.444444444444443 0.5956639138837283
20.555555555555557 0.5953651375022929
20.666666666666668 0.5950654760359053
20.77777777777778 0.5947649263601303
20.88888888888889 0.5944634857745981
21.0 0.5941611519837182
21.11111111111111 0.5938579230782306
21.22222222222222 0.5935537975175519
21.333333333333332 0.5932487741128858
21.444444444444443 0.5929428520110597
21.555555555555557 0.5926360306790581
21.666666666666668 0.5923283098892198
21.77777777777778 0.5920196897050696
21.88888888888889 0.591710170467758
22.0 0.5913997527830807
22.11111111111111 0.5910884375090522
22.22222222222222 0.5907762257440103
22.333333333333332 0.5904631188152278
22.444444444444443 0.5901491182680075
22.555555555555557 0.5898342258552424
22.666666666666668 0.5895184435274198
22.77777777777778 0.5892017734230475
22.88888888888889 0.5888842178594885
23.0 0.5885657793241811
23.11111111111111 0.5882464604662335
23.22222222222222 0.5879262640883717
23.333333333333332 0.5876051931392288
23.444444444444443 0.5872832507059594
23.555555555555557 0.5869604400071662
23.666666666666668 0.5866367643861242
23.77777777777778 0.5863122273042916
23.88888888888889 0.5859868323350926
24.0 0.585660583157965
