0.0 0.0
0.027777777777777776 0.005841769510337901
0.05555555555555555 0.014768469979076855
0.08333333333333333 0.025795191303015108
0.1111111111111111 0.03839529683622108
0.1388888888888889 0.05222237392277445
0.16666666666666666 0.06702266558812817
0.19444444444444445 0.08259919080806816
0.2222222222222222 0.09879383245698785
0.25 0.11547692667682605
0.2777777777777778 0.1325405186456378
0.3055555555555556 0.1498936727311711
0.3333333333333333 0.167459063201666
0.3611111111111111 0.18517042390234992
0.3888888888888889 0.20297060149625218
0.4166666666666667 0.22081004522357736
0.4444444444444444 0.23864561840054124
0.4722222222222222 0.2564396503998246
0.5 0.27415917053049954
0.5277777777777778 0.29177528107450856
0.5555555555555556 0.30926263800811293
0.5833333333333334 0.3265990160461917
0.6111111111111112 0.3437649405239397
0.6388888888888888 0.3607433729130598
0.6666666666666666 0.377519439906824
0.6944444444444444 0.3940801983195949
0.7222222222222222 0.4104144297598484
0.75 0.42651246031526735
0.7777777777777778 0.4423660014518555
0.8055555555555556 0.4579680090610531
0.8333333333333334 0.47331255815070983
0.8611111111111112 0.4883947311116995
0.8888888888888888 0.5032105178340287
0.9166666666666666 0.5177567262178275
0.9444444444444444 0.5320309018426814
0.9722222222222222 0.5460312557358953
1.0 0.5597565993257577
1.0277777777777777 0.5732062857865786
1.0555555555555556 0.5863801570834096
1.0833333333333333 0.5992784961098165
1.1111111111111112 0.6119019833848848
1.1388888888888888 0.6242516578380931
1.1666666666666667 0.6363288812646017
1.1944444444444444 0.6481353060802957
1.2222222222222223 0.6596728460467277
1.25 0.6709436496718392
1.2777777777777777 0.6819500760237485
1.3055555555555556 0.6926946727225819
1.3333333333333333 0.7031801558998122
1.3611111111111112 0.7134093919362675
1.3888888888888888 0.72338538080925
1.4166666666666667 0.7331112408963614
1.4444444444444444 0.7425901950989293
1.4722222222222223 0.751825558161584
1.5 0.7608207250767511
1.5277777777777777 0.7695791604737686
1.5555555555555556 0.7781043889021365
1.5833333333333333 0.7863999859272166
1.6111111111111112 0.794469569964602
1.6388888888888888 0.8023167947865038
1.6666666666666667 0.8099453426398897
1.6944444444444444 0.8173589179219043
1.7222222222222223 0.8245612413632815
1.75 0.8315560446751783
1.7777777777777777 0.8383470656190939
1.8055555555555556 0.8449380434633676
1.8333333333333333 0.8513327147932299
1.8611111111111112 0.8575348096445031
1.8888888888888888 0.8635480479338975
1.9166666666666667 0.8693761361614166
1.9444444444444444 0.8750227643627063
1.9722222222222223 0.8804916032913009
2.0 0.8857863018126189
2.0277777777777777 0.8909104844932965
2.0555555555555554 0.8958677493710057
2.0833333333333335 0.9006616658913298
2.111111111111111 0.9052957729995412
2.138888888888889 0.909773577376294
2.1666666666666665 0.9140985518072844
2.1944444444444446 0.9182741336778858
2.2222222222222223 0.9223037235846094
2.25 0.9261906840560179
2.2777777777777777 0.9299383383764057
2.3055555555555554 0.933549969506187
2.3333333333333335 0.9370288190934801
2.361111111111111 0.9403780865718874
2.388888888888889 0.9436009283399078
2.4166666666666665 0.9467004570178212
2.4444444444444446 0.949679740778233
2.4722222222222223 0.9525418027467875
2.5 0.9552896204698319
2.5277777777777777 0.9579261254460604
2.5555555555555554 0.9604542027193774
2.5833333333333335 0.9628766905304217
2.611111111111111 0.9651963800243413
2.638888888888889 0.9674160150125666
2.6666666666666665 0.9695382917864486
2.6944444444444446 0.9715658589807336
2.7222222222222223 0.9735013174849457
2.75 0.9753472204008278
2.7777777777777777 0.9771060730440458
2.8055555555555554 0.9787803329884489
2.8333333333333335 0.9803724101511903
2.861111111111111 0.9818846669170909
2.888888888888889 0.9833194183006401
2.9166666666666665 0.9846789321440711
2.9444444444444446 0.9859654293499694
2.9722222222222223 0.987181084146902
3.0 0.9883280243865706
3.0277777777777777 0.9894083318710113
3.0555555555555554 0.9904240427083887
3.0833333333333335 0.9913771476959354
3.111111111111111 0.9922695927286208
3.138888888888889 0.9931032792321309
3.1666666666666665 0.993880064618778
3.1944444444444446 0.9946017627649592
3.2222222222222223 0.9952701445088084
3.25 0.9958869381667116
3.2777777777777777 0.9964538300673588
3.3055555555555554 0.9969724651020467
3.3333333333333335 0.9974444472899576
3.361111111111111 0.9978713403571656
3.388888888888889 0.9982546683281492
3.4166666666666665 0.9985959161286155
3.4444444444444446 0.998896530198472
3.4722222222222223 0.9991579191138001
3.5 0.9993814542167341
3.5277777777777777 0.9995684702521633
3.5555555555555554 0.9997202660102167
3.5833333333333335 0.9998381049735215
3.611111111111111 0.9999232159682608
3.638888888888889 0.9999767938180882
3.6666666666666665 1.0
3.6944444444444446 0.9999939633012893
3.7222222222222223 0.9999597804767577
3.75 0.9998985169053802
3.7777777777777777 0.9998112072456735
3.8055555555555554 0.9996988560890362
3.8333333333333335 0.9995624386103792
3.861111111111111 0.9994029012153952
3.888888888888889 0.9992211621838565
3.9166666666666665 0.9990181123083506
3.9444444444444446 0.9987946155279276
3.9722222222222223 0.9985515095561337
4.0 0.9982896065029657
4.027777777777778 0.998009693490298
4.055555555555555 0.997712533260377
4.083333333333333 0.9973988647770003
4.111111111111111 0.9970694038190351
4.138888888888889 0.9967248435659569
4.166666666666667 0.9963658551751228
4.194444444444445 0.9959930883505109
4.222222222222222 0.9956071719026988
4.25 0.9952087142998727
4.277777777777778 0.9947983042096767
4.305555555555555 0.9943765110317536
4.333333333333333 0.9939438854208293
4.361111111111111 0.9935009598002394
4.388888888888889 0.9930482488657904
4.416666666666667 0.9925862500798938
4.444444444444445 0.992115444155911
4.472222222222222 0.9916362955326743
4.5 0.9911492528391634
4.527777777777778 0.9906547493493341
4.555555555555555 0.9901532034271081
4.583333333333333 0.989645018961552
4.611111111111111 0.9891305857922774
4.638888888888889 0.9886102801251202
4.666666666666667 0.9880844649381546
4.694444444444445 0.9875534903781148
4.722222222222222 0.9870176941473121
4.75 0.9864774018811311
4.777777777777778 0.9859329275162074
4.805555555555555 0.9853845736493977
4.833333333333333 0.9848326318876506
4.861111111111111 0.9842773831889017
4.888888888888889 0.9837190981941185
4.916666666666667 0.9831580375506274
4.944444444444445 0.9825944522268552
4.972222222222222 0.9820285838186286
5.0 0.9814606648471734
5.027777777777778 0.980890919048959
5.055555555555555 0.9803195616575376
5.083333333333333 0.9797467996775285
5.111111111111111 0.9791728321509006
5.138888888888889 0.9785978504157075
5.166666666666667 0.9780220383574285
5.194444444444445 0.9774455726530721
5.222222222222222 0.976868623008198
5.25 0.9762913523870124
5.277777777777778 0.9757139172356948
5.305555555555555 0.9751364676991061
5.333333333333333 0.9745591478310422
5.361111111111111 0.9739820957981729
5.388888888888889 0.9734054440778318
5.416666666666667 0.9728293196498016
5.444444444444445 0.9722538441822428
5.472222222222222 0.9716791342119202
5.5 0.971105301318867
5.527777777777778 0.9705324522956341
5.555555555555555 0.9699606893112686
5.583333333333333 0.9693901100701564
5.611111111111111 0.9688208079658733
5.638888888888889 0.9682528722301763
5.666666666666667 0.9676863880772681
5.694444444444445 0.967121436843472
5.722222222222222 0.9665580961224368
5.75 0.965996439896007
5.777777777777778 0.9654365386608756
5.805555555555555 0.964878459551143
5.833333333333333 0.9643222664569028
5.861111111111111 0.9637680201389671
5.888888888888889 0.9632157783398466
5.916666666666667 0.9626655958910971
5.944444444444445 0.9621175248171407
5.972222222222222 0.9615716144356663
6.0 0.9610279114547138
6.027777777777778 0.9604864600665437
6.055555555555555 0.9599473020383896
6.083333333333333 0.9594104768001883
6.111111111111111 0.9588760215293842
6.138888888888889 0.9583439712328954
6.166666666666667 0.9578143588263324
6.194444444444445 0.9572872152105563
6.222222222222222 0.9567625693456575
6.25 0.9562404483224392
6.277777777777778 0.955720877431484
6.305555555555555 0.9552038802298822
6.333333333333333 0.9546894786056942
6.361111111111111 0.9541776928402225
6.388888888888889 0.9536685416681626
6.416666666666667 0.9531620423357015
6.444444444444445 0.9526582106566318
6.472222222222222 0.9521570610665475
6.5 0.9516586066751757
6.527777777777778 0.95116285931692
6.555555555555555 0.9506698295996606
6.583333333333333 0.9501795269518772
6.611111111111111 0.9496919596681471
6.638888888888889 0.9492071349530714
6.666666666666667 0.948725058963685
6.694444444444445 0.9482457368503978
6.722222222222222 0.9477691727965175
6.75 0.9472953700564011
6.777777777777778 0.9468243309922815
6.805555555555555 0.9463560571098144
6.833333333333333 0.9458905490923856
6.861111111111111 0.9454278068342248
6.888888888888889 0.9449678294723635
6.916666666666667 0.944510615417476
6.944444444444445 0.9440561623836424
6.972222222222222 0.9436044674170707
7.0 0.9431555269238113
7.027777777777778 0.9427093366965006
7.055555555555555 0.9422658919401641
7.083333333333333 0.9418251872971145
7.111111111111111 0.9413872168709727
7.138888888888889 0.9409519742498428
7.166666666666667 0.9405194525286699
7.194444444444445 0.9400896443308103
7.222222222222222 0.9396625418288381
7.25 0.9392381367646161
7.277777777777778 0.938816420468657
7.305555555555555 0.9383973838787978
7.333333333333333 0.9379810175582122
7.361111111111111 0.937567311712782
7.388888888888889 0.9371562562078524
7.416666666666667 0.9367478405843902
7.444444444444445 0.936342054074565
7.472222222222222 0.9359388856167751
7.5 0.935538323870139
7.527777777777778 0.9351403572284641
7.555555555555555 0.9347449738337178
7.583333333333333 0.9343521615890146
7.611111111111111 0.9339619081711377
7.638888888888889 0.9335742010426082
7.666666666666667 0.9331890274633219
7.694444444444445 0.9328063745017647
7.722222222222222 0.9324262290458228
7.75 0.9320485778132026
7.777777777777778 0.9316734073614718
7.805555555555555 0.9313007040977365
7.833333333333333 0.9309304542879665
7.861111111111111 0.9305626440659793
7.888888888888889 0.9301972594420971
7.916666666666667 0.9298342863114878
7.944444444444445 0.9294737104621975
7.972222222222222 0.92911551758289
8.0 0.9287596932703013
8.027777777777779 0.928406223036417
8.055555555555555 0.9280550923153855
8.083333333333334 0.9277062864701743
8.11111111111111 0.9273597907989783
8.13888888888889 0.9270155905413903
8.166666666666666 0.9266736708843379
8.194444444444445 0.9263340169678009
8.222222222222221 0.9259966138903105
8.25 0.9256614467142429
8.277777777777779 0.9253285004709114
8.305555555555555 0.9249977601654641
8.333333333333334 0.9246692107815968
8.36111111111111 0.9243428372860824
8.38888888888889 0.9240186246331292
8.416666666666666 0.9236965577685673
8.444444444444445 0.9233766216338767
8.472222222222221 0.9230588011700541
8.5 0.9227430813213318
8.527777777777779 0.9224294470387481
8.555555555555555 0.9221178832835782
8.583333333333334 0.9218083750306262
8.61111111111111 0.9215009072713889
8.63888888888889 0.9211954650170887
8.666666666666666 0.9208920333015876
8.694444444444445 0.9205905971841789
8.722222222222221 0.9202911417522671
8.75 0.9199936521239367
8.777777777777779 0.9196981134504134
8.805555555555555 0.9194045109184235
8.833333333333334 0.9191128297524526
8.86111111111111 0.9188230552169097
8.88888888888889 0.9185351726181967
8.916666666666666 0.9182491673066907
8.944444444444445 0.9179650246786374
8.972222222222221 0.9176827301779624
9.0 0.9174022692980025
9.027777777777779 0.9171236275831567
9.055555555555555 0.9168467906304655
9.083333333333334 0.916571744091114
9.11111111111111 0.9162984736718683
9.13888888888889 0.916026965136442
9.166666666666666 0.9157572043067982
9.194444444444445 0.9154891770643881
9.222222222222221 0.9152228693513298
9.25 0.9149582671715271
9.277777777777779 0.9146953565917321
9.305555555555555 0.914434123742553
9.333333333333334 0.914174554819409
9.36111111111111 0.9139166360834354
9.38888888888889 0.9136603538623359
9.416666666666666 0.9134056945511919
9.444444444444445 0.9131526446132234
9.472222222222221 0.9129011905805051
9.5 0.9126513190546419
9.527777777777779 0.9124030167074006
9.555555555555555 0.9121562702813045
9.583333333333334 0.9119110665901877
9.61111111111111 0.911667392519712
9.63888888888889 0.9114252350278508
9.666666666666666 0.9111845811453347
9.694444444444445 0.9109454179760672
9.722222222222221 0.9107077326975065
9.75 0.9104715125610157
9.777777777777779 0.9102367448921856
9.805555555555555 0.9100034170911268
9.833333333333334 0.9097715166327336
9.86111111111111 0.9095410310669231
9.88888888888889 0.9093119480188466
9.916666666666666 0.9090842551890778
9.944444444444445 0.9088579403537744
9.972222222222221 0.90863299136482
10.0 0.9084093961499418
10.027777777777779 0.9081871427128045
10.055555555555555 0.90796621913309
10.083333333333334 0.9077466135665496
10.11111111111111 0.9075283142450427
10.13888888888889 0.9073113094765539
10.166666666666666 0.9070955876451936
10.194444444444445 0.9068811372111805
10.222222222222221 0.9066679467108091
10.25 0.9064560047563996
10.277777777777779 0.9062453000362346
10.305555555555555 0.9060358213144778
10.333333333333334 0.9058275574310823
10.36111111111111 0.9056204973016831
10.38888888888889 0.905414629917477
10.416666666666666 0.9052099443450891
10.444444444444445 0.9050064297264302
10.472222222222221 0.9048040752785381
10.5 0.9046028702934119
10.527777777777779 0.9044028041378334
10.555555555555555 0.9042038662531774
10.583333333333334 0.9040060461552155
10.61111111111111 0.9038093334339075
10.63888888888889 0.9036137177531841
10.666666666666666 0.9034191888507225
10.694444444444445 0.9032257365377117
10.722222222222221 0.9030333506986115
10.75 0.9028420212909029
10.777777777777779 0.9026517383448315
10.805555555555555 0.9024624919631438
10.833333333333334 0.9022742723208174
10.86111111111111 0.9020870696647838
10.88888888888889 0.9019008743136464
10.916666666666666 0.9017156766573909
10.944444444444445 0.9015314671570929
10.972222222222221 0.9013482363446167
11.0 0.901165974822313
11.027777777777779 0.9009846732627085
11.055555555555555 0.9008043224081926
11.083333333333334 0.9006249130707001
11.11111111111111 0.9004464361313884
11.13888888888889 0.900268882540312
11.166666666666666 0.9000922433160933
11.194444444444445 0.8999165095455897
11.222222222222221 0.8997416723835564
11.25 0.8995677230523089
11.277777777777779 0.8993946528413789
11.305555555555555 0.8992224531071706
11.333333333333334 0.8990511152726132
11.36111111111111 0.8988806308268106
11.38888888888889 0.8987109913246888
11.416666666666666 0.898542188386644
11.444444444444445 0.898374213698184
11.472222222222221 0.8982070590095718
11.5 0.8980407161354652
11.527777777777779 0.8978751769545568
11.555555555555555 0.8977104334092105
11.583333333333334 0.8975464775050994
11.61111111111111 0.8973833013108392
11.63888888888889 0.8972208969576229
11.666666666666666 0.8970592566388553
11.694444444444445 0.8968983726097842
11.722222222222221 0.8967382371871322
11.75 0.8965788427487288
11.777777777777779 0.89642018173314
11.805555555555555 0.8962622466392992
11.833333333333334 0.8961050300261376
11.86111111111111 0.8959485245122127
11.88888888888889 0.8957927227753392
11.916666666666666 0.8956376175522175
11.944444444444445 0.8954832016380647
11.972222222222221 0.8953294678862423
12.0 0.8951764092078881
12.027777777777779 0.8950240185715449
12.055555555555555 0.8948722890027917
12.083333333333334 0.8947212135838745
12.11111111111111 0.8945707854533363
12.13888888888889 0.8944209978056512
12.166666666666666 0.8942718438908542
12.194444444444445 0.8941233170141762
12.222222222222221 0.8939754105356769
12.25 0.8938281178698783
12.277777777777779 0.8936814324854007
12.305555555555555 0.8935353479045997
12.333333333333334 0.8933898577032002
12.36111111111111 0.8932449555099374
12.38888888888889 0.8931006350061935
12.416666666666666 0.8929568899256377
12.444444444444445 0.892813714053868
12.472222222222221 0.8926711012280518
12.5 0.8925290453365696
12.527777777777779 0.8923875403186595
12.555555555555555 0.8922465801640617
12.583333333333334 0.8921061589126658
12.61111111111111 0.891966270654158
12.63888888888889 0.8918269095276713
12.666666666666666 0.8916880697214351
12.694444444444445 0.8915497454724269
12.722222222222221 0.8914119310660259
12.75 0.8912746208356676
12.777777777777779 0.8911378091624996
12.805555555555555 0.8910014904750391
12.833333333333334 0.8908656592488318
12.86111111111111 0.8907303100061118
12.88888888888889 0.8905954373154646
12.916666666666666 0.8904610357914902
12.944444444444445 0.8903271000944665
12.972222222222221 0.890193624930018
13.0 0.8900606050487828
13.027777777777779 0.8899280352460819
13.055555555555555 0.8897959103615921
13.083333333333334 0.8896642252790167
13.11111111111111 0.8895329749257618
13.13888888888889 0.8894021542726117
13.166666666666666 0.8892717583334073
13.194444444444445 0.8891417821647242
13.222222222222221 0.8890122208655558
13.25 0.8888830695769951
13.277777777777779 0.8887543234819192
13.305555555555555 0.8886259778046754
13.333333333333334 0.8884980278107707
13.36111111111111 0.8883704688065593
13.38888888888889 0.8882432961389355
13.416666666666666 0.8881165051950263
13.444444444444445 0.8879900914018859
13.472222222222221 0.8878640502261934
13.5 0.8877383771739507
13.527777777777779 0.8876130677901813
13.555555555555555 0.8874881176586346
13.583333333333334 0.8873635224014872
13.61111111111111 0.8872392776790499
13.63888888888889 0.8871153791894733
13.666666666666666 0.8869918226684583
13.694444444444445 0.8868686038889655
13.722222222222221 0.8867457186609282
13.75 0.8866231628309661
13.777777777777779 0.8865009322821017
13.805555555555555 0.8863790229334775
13.833333333333334 0.8862574307400762
13.86111111111111 0.8861361516924404
13.88888888888889 0.8860151818163974
13.916666666666666 0.8858945171727827
13.944444444444445 0.885774153857166
13.972222222222221 0.8856540879995811
14.0 0.8855343157642543
14.027777777777779 0.8854148333493372
14.055555555555555 0.8852956369866393
14.083333333333334 0.885176722941363
14.11111111111111 0.8850580875118415
14.13888888888889 0.8849397270292769
14.166666666666666 0.8848216378574808
14.194444444444445 0.8847038163926157
14.222222222222221 0.8845862590629398
14.25 0.8844689623285518
14.277777777777779 0.8843519226811386
14.305555555555555 0.8842351366437239
14.333333333333334 0.8841186007704191
14.36111111111111 0.8840023116461758
14.38888888888889 0.8838862658865391
14.416666666666666 0.8837704601374041
14.444444444444445 0.8836548910747734
14.472222222222221 0.8835395554045156
14.5 0.883424449862126
14.527777777777779 0.8833095712124899
14.555555555555555 0.8831949162496452
14.583333333333334 0.8830804817965499
14.61111111111111 0.8829662647048476
14.63888888888889 0.8828522618546388
14.666666666666666 0.8827384701542487
14.694444444444445 0.8826248865400017
14.722222222222221 0.882511507975994
14.75 0.88239833145387
14.777777777777779 0.8822853539925989
14.805555555555555 0.8821725726382528
14.833333333333334 0.8820599844637883
14.86111111111111 0.8819475865688268
14.88888888888889 0.8818353760794392
14.916666666666666 0.8817233501479301
14.944444444444445 0.8816115059526249
14.972222222222221 0.8814998406976571
15.0 0.8813883516127585
15.027777777777779 0.8812770359530507
15.055555555555555 0.8811658909988366
15.083333333333334 0.881054914055396
15.11111111111111 0.88094410245278
15.13888888888889 0.8808334535456094
15.166666666666666 0.8807229647128725
15.194444444444445 0.880612633357726
15.222222222222221 0.8805024569072969
15.25 0.8803924328124835
15.277777777777779 0.8802825585477633
15.305555555555555 0.8801728316109967
15.333333333333334 0.8800632495232352
15.36111111111111 0.8799538098285308
15.38888888888889 0.8798445100937459
15.416666666666666 0.8797353479083646
15.444444444444445 0.8796263208843079
15.472222222222221 0.8795174266557461
15.5 0.8794086628789157
15.527777777777779 0.8793000272319373
15.555555555555555 0.8791915174146341
15.583333333333334 0.8790831311483515
15.61111111111111 0.8789748661757792
15.63888888888889 0.878866720260775
15.666666666666666 0.8787586911881868
15.694444444444445 0.8786507767636804
15.722222222222221 0.8785429748135655
15.75 0.8784352831846237
15.777777777777779 0.8783276997439392
15.805555555555555 0.8782202223787275
15.833333333333334 0.8781128489961705
15.86111111111111 0.8780055775232475
15.88888888888889 0.8778984059065716
15.916666666666666 0.8777913321122246
15.944444444444445 0.8776843541255949
15.972222222222221 0.8775774699512161
16.0 0.8774706776126069
16.02777777777778 0.8773639751521114
16.055555555555557 0.8772573606307427
16.083333333333332 0.8771508321280246
16.11111111111111 0.8770443877418385
16.13888888888889 0.8769380255882674
16.166666666666668 0.876831743801445
16.194444444444443 0.8767255405334019
16.22222222222222 0.8766194139539167
16.25 0.8765133622503665
16.27777777777778 0.8764073836275782
16.305555555555557 0.8763014763076821
16.333333333333332 0.8761956385299655
16.36111111111111 0.876089868550729
16.38888888888889 0.8759841646431425
16.416666666666668 0.8758785250971024
16.444444444444443 0.8757729482190909
16.47222222222222 0.8756674323320355
16.5 0.875561975775171
16.52777777777778 0.8754565769038999
16.555555555555557 0.875351234089657
16.583333333333332 0.8752459457197727
16.61111111111111 0.8751407101973391
16.63888888888889 0.8750355259410761
16.666666666666668 0.8749303913851986
16.694444444444443 0.8748253049792853
16.72222222222222 0.8747202651881487
16.75 0.8746152704917044
16.77777777777778 0.8745103193848444
16.805555555555557 0.8744054103773082
16.833333333333332 0.8743005419935587
16.86111111111111 0.8741957127726534
16.88888888888889 0.8740909212681245
16.916666666666668 0.8739861660478511
16.944444444444443 0.8738814456939408
16.97222222222222 0.8737767588026057
17.0 0.8736721039840437
17.02777777777778 0.8735674798623178
17.055555555555557 0.8734628850752386
17.083333333333332 0.8733583182742466
17.11111111111111 0.8732537781242959
17.13888888888889 0.8731492633037379
17.166666666666668 0.8730447725042074
17.194444444444443 0.8729403044305087
17.22222222222222 0.8728358578005027
17.25 0.8727314313449946
17.27777777777778 0.8726270238076241
17.305555555555557 0.8725226339447542
17.333333333333332 0.8724182605253623
17.36111111111111 0.8723139023309323
17.38888888888889 0.8722095581553464
17.416666666666668 0.8721052268047798
17.444444444444443 0.8720009070975935
17.47222222222222 0.8718965978642309
17.5 0.8717922979471125
17.52777777777778 0.8716880062005338
17.555555555555557 0.8715837214905628
17.583333333333332 0.8714794426949385
17.61111111111111 0.8713751687029697
17.63888888888889 0.8712708984154363
17.666666666666668 0.871166630744489
17.694444444444443 0.8710623646135528
17.72222222222222 0.870958098957228
17.75 0.8708538327211945
17.77777777777778 0.8707495648621162
17.805555555555557 0.8706452943475447
17.833333333333332 0.8705410201558273
17.86111111111111 0.8704367412760114
17.88888888888889 0.8703324567077529
17.916666666666668 0.8702281654612244
17.944444444444443 0.8701238665570237
17.97222222222222 0.8700195590260824
18.0 0.8699152419095789
18.02777777777778 0.8698109142588466
18.055555555555557 0.8697065751352875
18.083333333333332 0.869602223610284
18.11111111111111 0.8694978587651124
18.13888888888889 0.8693934796908566
18.166666666666668 0.8692890854883232
18.194444444444443 0.8691846752679561
18.22222222222222 0.8690802481497539
18.25 0.8689758032631854
18.27777777777778 0.8688713397471075
18.305555555555557 0.8687668567496837
18.333333333333332 0.868662353428302
18.36111111111111 0.8685578289494957
18.38888888888889 0.8684532824888623
18.416666666666668 0.8683487132309855
18.444444444444443 0.8682441203693554
18.47222222222222 0.8681395031062912
18.5 0.8680348606528643
18.52777777777778 0.8679301922288222
18.555555555555557 0.8678254970625104
18.583333333333332 0.8677207743907994
18.61111111111111 0.8676160234590088
18.63888888888889 0.8675112435208334
18.666666666666668 0.8674064338382702
18.694444444444443 0.8673015936815446
18.72222222222222 0.8671967223290397
18.75 0.8670918190672223
18.77777777777778 0.8669868831905752
18.805555555555557 0.8668819140015228
18.833333333333332 0.8667769108103648
18.86111111111111 0.8666718729352044
18.88888888888889 0.866566799701881
18.916666666666668 0.8664616904439018
18.944444444444443 0.8663565445023734
18.97222222222222 0.8662513612259365
19.0 0.8661461399706972
19.02777777777778 0.8660408801001636
19.055555555555557 0.8659355809851781
19.083333333333332 0.8658302420038546
19.11111111111111 0.865724862541513
19.13888888888889 0.8656194419906159
19.166666666666668 0.8655139797507052
19.194444444444443 0.8654084752283401
19.22222222222222 0.8653029278370344
19.25 0.8651973369971947
19.27777777777778 0.8650917021360603
19.305555555555557 0.8649860226876411
19.333333333333332 0.8648802980926592
19.36111111111111 0.8647745277984885
19.38888888888889 0.8646687112590947
19.416666666666668 0.8645628479349795
19.444444444444443 0.864456937293119
19.47222222222222 0.8643509788069088
19.5 0.8642449719561061
19.52777777777778 0.8641389162267723
19.555555555555557 0.8640328111112179
19.583333333333332 0.8639266561079465
19.61111111111111 0.8638204507215994
19.63888888888889 0.8637141944629009
19.666666666666668 0.8636078868486046
19.694444444444443 0.8635015274014378
19.72222222222222 0.8633951156500514
19.75 0.8632886511289632
19.77777777777778 0.8631821333785081
19.805555555555557 0.8630755619447851
19.833333333333332 0.8629689363796055
19.86111111111111 0.8628622562404425
19.88888888888889 0.8627555210903795
19.916666666666668 0.8626487304980607
19.944444444444443 0.862541884037641
19.97222222222222 0.8624349812887357
20.0 0.8623280218363726
20.02777777777778 0.8622210052709434
20.055555555555557 0.8621139311881535
20.083333333333332 0.8620067991889779
20.11111111111111 0.86189960887961
20.13888888888889 0.8617923598714164
20.166666666666668 0.8616850517808907
20.194444444444443 0.8615776842296063
20.22222222222222 0.8614702568441714
20.25 0.8613627692561829
20.27777777777778 0.8612552211021816
20.305555555555557 0.8611476120236075
20.333333333333332 0.8610399416667557
20.36111111111111 0.8609322096827329
20.38888888888889 0.8608244157274125
20.416666666666668 0.8607165594613927
20.444444444444443 0.8606086405499535
20.47222222222222 0.8605006586630137
20.5 0.8603926134750891
20.52777777777778 0.8602845046652515
20.555555555555557 0.8601763319170859
20.583333333333332 0.8600680949186505
20.61111111111111 0.8599597933624366
20.63888888888889 0.8598514269453262
20.666666666666668 0.8597429953685541
20.694444444444443 0.8596344983376673
20.72222222222222 0.8595259355624862
20.75 0.8594173067570647
20.77777777777778 0.8593086116396524
20.805555555555557 0.8591998499326566
20.833333333333332 0.859091021362603
20.86111111111111 0.8589821256600992
20.88888888888889 0.858873162559797
20.916666666666668 0.8587641318003552
20.944444444444443 0.858655033124403
20.97222222222222 0.8585458662785046
21.0 0.8584366310131207
21.02777777777778 0.8583273270825752
21.055555555555557 0.8582179542450188
21.083333333333332 0.8581085122623932
21.11111111111111 0.857999000900397
21.13888888888889 0.8578894199284514
21.166666666666668 0.8577797691196649
21.194444444444443 0.8576700482508002
21.22222222222222 0.8575602571022402
21.25 0.8574503954579541
21.27777777777778 0.8573404631054659
21.305555555555557 0.8572304598358192
21.333333333333332 0.8571203854435466
21.36111111111111 0.8570102397266365
21.38888888888889 0.8569000224865011
21.416666666666668 0.8567897335279453
21.444444444444443 0.8566793726591346
21.47222222222222 0.856568939691564
21.5 0.8564584344400276
21.52777777777778 0.8563478567225867
21.555555555555557 0.8562372063605415
21.583333333333332 0.8561264831783987
21.61111111111111 0.856015687003843
21.63888888888889 0.855904817667707
21.666666666666668 0.8557938750039426
21.694444444444443 0.8556828588495897
21.72222222222222 0.8555717690447509
21.75 0.855460605432559
21.77777777777778 0.8553493678591518
21.805555555555557 0.8552380561736425
21.833333333333332 0.8551266702280905
21.86111111111111 0.8550152098774773
21.88888888888889 0.8549036749796755
21.916666666666668 0.8547920653954237
21.944444444444443 0.8546803809882989
21.97222222222222 0.85456862162469
22.0 0.8544567871737709
22.02777777777778 0.8543448775074747
22.055555555555557 0.8542328925004674
22.083333333333332 0.8541208320301221
22.11111111111111 0.8540086959764936
22.13888888888889 0.8538964842222934
22.166666666666668 0.8537841966528629
22.194444444444443 0.8536718331561508
22.22222222222222 0.8535593936226863
22.25 0.8534468779455565
22.27777777777778 0.8533342860203805
22.305555555555557 0.853221617745286
22.333333333333332 0.8531088730208856
22.36111111111111 0.8529960517502522
22.38888888888889 0.8528831538388973
22.416666666666668 0.8527701791947458
22.444444444444443 0.8526571277281143
22.47222222222222 0.8525439993516875
22.5 0.8524307939804956
22.52777777777778 0.8523175115318923
22.555555555555557 0.8522041519255319
22.583333333333332 0.8520907150833479
22.61111111111111 0.8519772009295302
22.63888888888889 0.8518636093905042
22.666666666666668 0.8517499403949089
22.694444444444443 0.851636193873576
22.72222222222222 0.8515223697595076
22.75 0.8514084679878566
22.77777777777778 0.851294488495905
22.805555555555557 0.8511804312230444
22.833333333333332 0.8510662961107537
22.86111111111111 0.8509520831025802
22.88888888888889 0.8508377921441199
22.916666666666668 0.8507234231829962
22.944444444444443 0.8506089761688413
22.97222222222222 0.8504944510532759
23.0 0.8503798477898905
23.02777777777778 0.8502651663342258
23.055555555555557 0.8501504066437534
23.083333333333332 0.8500355686778572
23.11111111111111 0.8499206523978148
23.13888888888889 0.8498056577667787
23.166666666666668 0.849690584749758
23.194444444444443 0.8495754333135996
23.22222222222222 0.8494602034269714
23.25 0.8493448950603429
23.27777777777778 0.8492295081859684
23.305555555555557 0.8491140427778693
23.333333333333332 0.8489984988118157
23.36111111111111 0.8488828762653102
23.38888888888889 0.8487671751175704
23.416666666666668 0.8486513953495116
23.444444444444443 0.84853553694373
23.47222222222222 0.8484195998844862
23.5 0.8483035841576887
23.52777777777778 0.8481874897508765
23.555555555555557 0.8480713166532047
23.583333333333332 0.8479550648554255
23.61111111111111 0.847838734349876
23.63888888888889 0.8477223251304585
23.666666666666668 0.8476058371926274
23.694444444444443 0.847489270533372
23.72222222222222 0.847372625151202
23.75 0.8472559010461324
23.77777777777778 0.8471390982196666
23.805555555555557 0.8470222166747835
23.833333333333332 0.8469052564159214
23.86111111111111 0.8467882174489628
23.88888888888889 0.8466710997812209
23.916666666666668 0.8465539034214239
23.944444444444443 0.846436628379702
23.97222222222222 0.8463192746675714
