0.0 0.0
0.027777777777777776 0.09189729534131687
0.05555555555555555 0.16982552482488877
0.08333333333333333 0.2381729464628408
0.1111111111111111 0.2991930412050812
0.1388888888888889 0.354282575698734
0.16666666666666666 0.40440982621715565
0.19444444444444445 0.4502926599223438
0.2222222222222222 0.4924855079511884
0.25 0.5314280915971349
0.2777777777777778 0.5674759359438032
0.3055555555555556 0.6009210728659535
0.3333333333333333 0.6320068274679927
0.3611111111111111 0.6609387013201274
0.3888888888888889 0.6878925180898219
0.4166666666666667 0.7130205776490675
0.4444444444444444 0.7364563330700515
0.4722222222222222 0.758317962015544
0.5 0.7787111075138351
0.5277777777777778 0.7977309938829628
0.5555555555555556 0.8154640722654314
0.5833333333333334 0.8319893116694607
0.6111111111111112 0.8473792223167157
0.6388888888888888 0.8617006761775541
0.6666666666666666 0.8750155731219903
0.6944444444444444 0.8873813888147501
0.7222222222222222 0.8988516313212931
0.75 0.9094762265880019
0.7777777777777778 0.9193018479171872
0.8055555555555556 0.928372200824294
0.8333333333333334 0.9367282719010956
0.8611111111111112 0.9444085482609754
0.8888888888888888 0.951449212622417
0.9166666666666666 0.9578843179552143
0.9444444444444444 0.9637459447682329
0.9722222222222222 0.9690643434822689
1.0 0.9738680638515366
1.0277777777777777 0.9781840730318235
1.0555555555555556 0.9820378636128534
1.0833333333333333 0.9854535527149597
1.1111111111111112 0.9884539730799388
1.1388888888888888 0.9910607569510655
1.1666666666666667 0.9932944134291776
1.1944444444444444 0.9951743999039393
1.2222222222222223 0.9967191880873468
1.25 0.9979463251165204
1.2777777777777777 0.9988724901423375
1.3055555555555556 0.9995135467774596
1.3333333333333333 0.9998845917403804
1.3611111111111112 1.0
1.3888888888888888 0.9998734666971688
1.4166666666666667 0.9995180460948798
1.4444444444444444 0.9989461877868246
1.4722222222222223 0.9981697703744374
1.5 0.9972001328049658
1.5277777777777777 0.9960481035473375
1.5555555555555556 0.9947240277682732
1.5833333333333333 0.9932377926582082
1.6111111111111112 0.9915988510447836
1.6388888888888888 0.9898162434210453
1.6666666666666667 0.9878986185056879
1.6944444444444444 0.9858542524437761
1.7222222222222223 0.9836910667482506
1.75 0.9814166450749949
1.7777777777777777 0.9790382489174381
1.8055555555555556 0.9765628323002977
1.8333333333333333 0.9739970555462867
1.8611111111111112 0.9713472981842292
1.8888888888888888 0.9686196710621021
1.9166666666666667 0.9658200277239384
1.9444444444444444 0.9629539751052731
1.9722222222222223 0.9600268835979083
2.0 0.957043896531146
2.0277777777777777 0.9540099391132018
2.0555555555555554 0.9509297268734168
2.0833333333333335 0.9478077736429353
2.111111111111111 0.9446483991087504
2.138888888888889 0.9414557359735329
2.1666666666666665 0.9382337367512158
2.1944444444444446 0.9349861802261062
2.2222222222222223 0.931716677601222
2.25 0.9284286783595864
2.2777777777777777 0.9251254758603916
2.3055555555555554 0.9218102126902391
2.3333333333333335 0.9184858857880691
2.361111111111111 0.9151553513608832
2.388888888888889 0.9118213296059706
2.4166666666666665 0.9084864092540281
2.4444444444444446 0.905153051946366
2.4722222222222223 0.9018235964582108
2.5 0.898500262779067
2.5277777777777777 0.8951851560601034
2.5555555555555554 0.8918802704376045
2.5833333333333335 0.8885874927406402
2.611111111111111 0.8853086060903844
2.638888888888889 0.8820452933976394
2.6666666666666665 0.8787991407645906
2.6944444444444446 0.8755716407960722
2.7222222222222223 0.8723641958250976
2.75 0.8691781210568945
2.7777777777777777 0.8660146476351098
2.8055555555555554 0.8628749256335513
2.8333333333333335 0.8597600269762926
2.861111111111111 0.8566709482886946
2.888888888888889 0.8536086136815507
2.9166666666666665 0.8505738774702473
2.9444444444444446 0.8475675268306082
2.9722222222222223 0.8445902843928544
3.0 0.8416428107748897
3.0277777777777777 0.8387257070559826
3.0555555555555554 0.8358395171917417
3.0833333333333335 0.8329847303711627
3.111111111111111 0.8301617833164274
3.138888888888889 0.8273710625260194
3.1666666666666665 0.8246129064617057
3.1944444444444446 0.8218876076798151
3.2222222222222223 0.819195414907252
3.25 0.8165365350626222
3.2777777777777777 0.8139111352228667
3.3055555555555554 0.811319344535762
3.3333333333333335 0.8087612560786543
3.361111111111111 0.8062369286638177
3.388888888888889 0.8037463885908362
3.4166666666666665 0.8012896313464063
3.4444444444444446 0.798866623252029
3.4722222222222223 0.7964773030600534
3.5 0.7941215834985644
3.5277777777777777 0.7917993527656733
3.5555555555555554 0.789510475973774
3.5833333333333335 0.7872547965443685
3.611111111111111 0.7850321375541192
3.638888888888889 0.7828423030328002
3.6666666666666665 0.780685079213871
3.6944444444444446 0.778560235738413
3.7222222222222223 0.7764675268132236
3.75 0.7744066923238778
3.7777777777777777 0.7723774589036011
3.8055555555555554 0.7703795409588207
3.8333333333333335 0.7684126416523009
3.861111111111111 0.7664764538447741
3.888888888888889 0.7645706609960085
3.9166666666666665 0.7626949380262693
3.9444444444444446 0.7608489521391494
3.9722222222222223 0.7590323636067482
4.0 0.7572448265181987
4.027777777777778 0.75548598949255
4.055555555555555 0.7537554963570077
4.083333333333333 0.752052986791547
4.111111111111111 0.7503780969409163
4.138888888888889 0.7487304599950394
4.166666666666667 0.7471097067388285
4.194444444444445 0.7455154660724105
4.222222222222222 0.7439473655027632
4.25 0.742405031607757
4.277777777777778 0.7408880904735732
4.305555555555555 0.7393961681064691
4.333333333333333 0.7379288908198381
4.361111111111111 0.7364858855975179
4.388888888888889 0.7350667804342514
4.416666666666667 0.7336712046542232
4.444444444444445 0.7322987892085517
4.472222222222222 0.730949166952612
4.5 0.7296219729040349
4.527777777777778 0.728316844482227
4.555555555555555 0.7270334217302087
4.583333333333333 0.7257713475195681
4.611111111111111 0.724530267739299
4.638888888888889 0.7233098314692744
4.666666666666667 0.722109691139079
4.694444444444445 0.7209295026729027
4.722222222222222 0.7197689256211839
4.75 0.7186276232796639
4.777777777777778 0.7175052627964845
4.805555555555555 0.7164015152679512
4.833333333333333 0.7153160558235672
4.861111111111111 0.714248563700897
4.888888888888889 0.7131987223108255
4.916666666666667 0.7121662192937445
4.944444444444445 0.7111507465671696
4.972222222222222 0.7101520003653046
5.0 0.7091696812709963
5.027777777777778 0.708203494240558
5.055555555555555 0.7072531486218816
5.083333333333333 0.7063183581662719
5.111111111111111 0.7053988410343828
5.138888888888889 0.704494319796651
5.166666666666667 0.7036045214285849
5.194444444444445 0.702729177301262
5.222222222222222 0.7018680231673626
5.25 0.701020799143056
5.277777777777778 0.7001872496860477
5.305555555555555 0.69936712357006
5.333333333333333 0.6985601738560372
5.361111111111111 0.6977661578603183
5.388888888888889 0.6969848371200342
5.416666666666667 0.6962159773559555
5.444444444444445 0.6954593484330159
5.472222222222222 0.6947147243187247
5.5 0.6939818830396507
5.527777777777778 0.6932606066361858
5.555555555555555 0.692550681115753
5.583333333333333 0.6918518964046241
5.611111111111111 0.6911640462985134
5.638888888888889 0.6904869284120867
5.666666666666667 0.6898203441275333
5.694444444444445 0.6891640985423232
5.722222222222222 0.6885180004162819
5.75 0.6878818621180902
5.777777777777778 0.6872554995713268
5.805555555555555 0.6866387322001414
5.833333333333333 0.6860313828746651
5.861111111111111 0.6854332778562446
5.888888888888889 0.6848442467425772
5.916666666666667 0.6842641224128254
5.944444444444445 0.6836927409727844
5.972222222222222 0.6831299417001719
6.0 0.6825755669900903
6.027777777777778 0.682029462300731
6.055555555555555 0.6814914760993633
6.083333333333333 0.6809614598086623
6.111111111111111 0.6804392677534167
6.138888888888889 0.6799247571076587
6.166666666666667 0.679417787842252
6.194444444444445 0.6789182226729708
6.222222222222222 0.6784259270091054
6.25 0.6779407689026156
6.277777777777778 0.6774626189978593
6.305555555555555 0.6769913504819217
6.333333333333333 0.6765268390355572
6.361111111111111 0.6760689627847781
6.388888888888889 0.6756176022530757
6.416666666666667 0.6751726403143247
6.444444444444445 0.6747339621463493
6.472222222222222 0.6743014551851857
6.5 0.6738750090800311
6.527777777777778 0.673454515648892
6.555555555555555 0.6730398688349448
6.583333333333333 0.6726309646636001
6.611111111111111 0.672227701200278
6.638888888888889 0.6718299785089014
6.666666666666667 0.671437698611098
6.694444444444445 0.6710507654461162
6.722222222222222 0.670669084831453
6.75 0.6702925644241852
6.777777777777778 0.669921113683016
6.805555555555555 0.669554643831013
6.833333333333333 0.669193067819046
6.861111111111111 0.6688363002899153
6.888888888888889 0.6684842575431711
6.916666666666667 0.6681368575005989
6.944444444444445 0.6677940196723953
6.972222222222222 0.6674556651239909
7.0 0.6671217164435427
7.027777777777778 0.6667920977100725
7.055555555555555 0.6664667344622459
7.083333333333333 0.6661455536677868
7.111111111111111 0.6658284836935116
7.138888888888889 0.6655154542759858
7.166666666666667 0.665206396492782
7.194444444444445 0.6649012427343362
7.222222222222222 0.6645999266763947
7.25 0.6643023832530364
7.277777777777778 0.6640085486302638
7.305555555555555 0.6637183601801596
7.333333333333333 0.6634317564555868
7.361111111111111 0.6631486771654306
7.388888888888889 0.662869063150378
7.416666666666667 0.662592856359206
7.444444444444445 0.6623199998255932
7.472222222222222 0.6620504376454304
7.5 0.6617841149546174
7.527777777777778 0.6615209779073529
7.555555555555555 0.6612609736548938
7.583333333333333 0.6610040503247764
7.611111111111111 0.6607501570005007
7.638888888888889 0.6604992437016496
7.666666666666667 0.6602512613644587
7.694444444444445 0.6600061618228041
7.722222222222222 0.6597638977896146
7.75 0.6595244228386928
7.777777777777778 0.6592876913869388
7.805555555555555 0.6590536586769675
7.833333333333333 0.6588222807601145
7.861111111111111 0.658593514479813
7.888888888888889 0.6583673174553457
7.916666666666667 0.6581436480659514
7.944444444444445 0.6579224654352904
7.972222222222222 0.6577037294162531
8.0 0.6574874005761068
8.027777777777779 0.6572734401819703
8.055555555555555 0.6570618101866152
8.083333333333334 0.6568524732145814
8.11111111111111 0.656645392548602
8.13888888888889 0.6564405321163256
8.166666666666666 0.6562378564773432
8.194444444444445 0.6560373308104906
8.222222222222221 0.6558389209014464
8.25 0.6556425931305928
8.277777777777779 0.6554483144611534
8.305555555555555 0.6552560524275918
8.333333333333334 0.6550657751242664
8.36111111111111 0.6548774511943357
8.38888888888889 0.6546910498189104
8.416666666666666 0.6545065407064435
8.444444444444445 0.6543238940823572
8.472222222222221 0.654143080678894
8.5 0.6539640717251938
8.527777777777779 0.6537868389375904
8.555555555555555 0.6536113545101181
8.583333333333334 0.6534375911052275
8.61111111111111 0.6532655218447052
8.63888888888889 0.653095120300789
8.666666666666666 0.6529263604874849
8.694444444444445 0.6527592168520613
8.722222222222221 0.652593664266739
8.75 0.6524296780205583
8.777777777777779 0.6522672338114169
8.805555555555555 0.6521063077382894
8.833333333333334 0.6519468762936075
8.86111111111111 0.6517889163558087
8.88888888888889 0.6516324051820457
8.916666666666666 0.6514773204010472
8.944444444444445 0.6513236400061388
8.972222222222221 0.6511713423484106
9.0 0.6510204061300278
9.027777777777779 0.6508708103976847
9.055555555555555 0.650722534536205
9.083333333333334 0.6505755582622701
9.11111111111111 0.6504298616182801
9.13888888888889 0.6502854249663516
9.166666666666666 0.6501422289824347
9.194444444444445 0.650000254650558
9.222222222222221 0.6498594832571952
9.25 0.6497198963857435
9.277777777777779 0.6495814759111276
9.305555555555555 0.6494442039945055
9.333333333333334 0.6493080630780921
9.36111111111111 0.6491730358800878
9.38888888888889 0.6490391053897111
9.416666666666666 0.6489062548623358
9.444444444444445 0.6487744678147271
9.472222222222221 0.6486437280203745
9.5 0.6485140195049264
9.527777777777779 0.6483853265417068
9.555555555555555 0.6482576336473385
9.583333333333334 0.6481309255774409
9.61111111111111 0.6480051873224251
9.63888888888889 0.6478804041033699
9.666666666666666 0.647756561367982
9.694444444444445 0.6476336447866392
9.722222222222221 0.6475116402485077
9.75 0.6473905338577468
9.777777777777779 0.6472703119297798
9.805555555555555 0.6471509609876441
9.833333333333334 0.6470324677584145
9.86111111111111 0.6469148191696977
9.88888888888889 0.646798002346191
9.916666666666666 0.646682004606317
9.944444444444445 0.6465668134589178
9.972222222222221 0.6464524166000161
10.0 0.6463388019096438
10.027777777777779 0.6462259574487266
10.055555555555555 0.6461138714560316
10.083333333333334 0.6460025323451775
10.11111111111111 0.645891928701698
10.13888888888889 0.6457820492801618
10.166666666666666 0.6456728830013533
10.194444444444445 0.6455644189495041
10.222222222222221 0.6454566463695761
10.25 0.6453495546645995
10.277777777777779 0.6452431333930612
10.305555555555555 0.6451373722663397
10.333333333333334 0.6450322611461959
10.36111111111111 0.6449277900423005
10.38888888888889 0.6448239491098166
10.416666666666666 0.6447207286470306
10.444444444444445 0.6446181190930163
10.472222222222221 0.6445161110253489
10.5 0.6444146951578643
10.527777777777779 0.6443138623384566
10.555555555555555 0.6442136035469169
10.583333333333334 0.6441139098928144
10.61111111111111 0.6440147726134128
10.63888888888889 0.6439161830716287
10.666666666666666 0.6438181327540253
10.694444444444445 0.6437206132688421
10.722222222222221 0.643623616344068
10.75 0.6435271338255351
10.777777777777779 0.643431157675063
10.805555555555555 0.6433356799686262
10.833333333333334 0.6432406928945565
10.86111111111111 0.6431461887517859
10.88888888888889 0.6430521599481043
10.916666666666666 0.6429585989984677
10.944444444444445 0.642865498523324
10.972222222222221 0.642772851246971
11.0 0.6426806499959495
11.027777777777779 0.6425888876974548
11.055555555555555 0.6424975573777882
11.083333333333334 0.6424066521608224
11.11111111111111 0.6423161652665085
11.13888888888889 0.6422260900093966
11.166666666666666 0.6421364197971898
11.194444444444445 0.6420471481293213
11.222222222222221 0.6419582685955588
11.25 0.641869774874624
11.277777777777779 0.6417816607328521
11.305555555555555 0.641693920022857
11.333333333333334 0.6416065466822315
11.36111111111111 0.6415195347322682
11.38888888888889 0.6414328782766958
11.416666666666666 0.641346571500444
11.444444444444445 0.6412606086684304
11.472222222222221 0.6411749841243569
11.5 0.6410896922895417
11.527777777777779 0.6410047276617603
11.555555555555555 0.6409200848141113
11.583333333333334 0.6408357583939008
11.61111111111111 0.6407517431215419
11.63888888888889 0.6406680337894745
11.666666666666666 0.6405846252611088
11.694444444444445 0.6405015124697787
11.722222222222221 0.6404186904177155
11.75 0.6403361541750401
11.777777777777779 0.6402538988787705
11.805555555555555 0.6401719197318454
11.833333333333334 0.6400902120021633
11.86111111111111 0.6400087710216414
11.88888888888889 0.6399275921852857
11.916666666666666 0.6398466709502766
11.944444444444445 0.6397660028350733
11.972222222222221 0.6396855834185309
12.0 0.6396054083390259
12.027777777777779 0.6395254732936074
12.055555555555555 0.6394457740371516
12.083333333333334 0.6393663063815357
12.11111111111111 0.6392870661948254
12.13888888888889 0.6392080494004696
12.166666666666666 0.6391292519765189
12.194444444444445 0.6390506699548422
12.222222222222221 0.6389722994203699
12.25 0.6388941365103374
12.277777777777779 0.6388161774135528
12.305555555555555 0.6387384183696635
12.333333333333334 0.6386608556684422
12.36111111111111 0.6385834856490838
12.38888888888889 0.6385063046995114
12.416666666666666 0.6384293092556927
12.444444444444445 0.6383524958009718
12.472222222222221 0.6382758608654016
12.5 0.6381994010251003
12.527777777777779 0.6381231129016058
12.555555555555555 0.638046993161248
12.583333333333334 0.6379710385145227
12.61111111111111 0.6378952457154892
12.63888888888889 0.6378196115611605
12.666666666666666 0.6377441328909134
12.694444444444445 0.6376688065859067
12.722222222222221 0.6375936295685048
12.75 0.6375185988017136
12.777777777777779 0.6374437112886219
12.805555555555555 0.6373689640718543
12.833333333333334 0.6372943542330312
12.86111111111111 0.6372198788922359
12.88888888888889 0.6371455352074914
12.916666666666666 0.6370713203742461
12.944444444444445 0.6369972316248624
12.972222222222221 0.636923266228119
13.0 0.6368494214887188
13.027777777777779 0.6367756947468
13.055555555555555 0.63670208337746
13.083333333333334 0.636628584790288
13.11111111111111 0.6365551964288938
13.13888888888889 0.6364819157704564
13.166666666666666 0.6364087403252722
13.194444444444445 0.6363356676363092
13.222222222222221 0.6362626952787758
13.25 0.6361898208596837
13.277777777777779 0.6361170420174291
13.305555555555555 0.6360443564213715
13.333333333333334 0.6359717617714227
13.36111111111111 0.6358992557976426
13.38888888888889 0.6358268362598383
13.416666666666666 0.6357545009471691
13.444444444444445 0.6356822476777623
13.472222222222221 0.6356100742983251
13.5 0.6355379786837738
13.527777777777779 0.6354659587368586
13.555555555555555 0.6353940123877966
13.583333333333334 0.6353221375939135
13.61111111111111 0.635250332339291
13.63888888888889 0.6351785946344074
13.666666666666666 0.6351069225158006
13.694444444444445 0.6350353140457241
13.722222222222221 0.6349637673118136
13.75 0.6348922804267545
13.777777777777779 0.6348208515279543
13.805555555555555 0.634749478777225
13.833333333333334 0.6346781603604651
13.86111111111111 0.634606894487346
13.88888888888889 0.634535679391005
13.916666666666666 0.6344645133277419
13.944444444444445 0.6343933945767217
13.972222222222221 0.6343223214396758
14.0 0.6342512922406144
14.027777777777779 0.6341803053255377
14.055555555555555 0.6341093590621544
14.083333333333334 0.6340384518396021
14.11111111111111 0.6339675820681745
14.13888888888889 0.633896748179049
14.166666666666666 0.6338259486240185
14.194444444444445 0.6337551818752308
14.222222222222221 0.633684446424925
14.25 0.6336137407851784
14.277777777777779 0.6335430634876537
14.305555555555555 0.6334724130833472
14.333333333333334 0.6334017881423454
14.36111111111111 0.6333311872535814
14.38888888888889 0.6332606090245975
14.416666666666666 0.6331900520813082
14.444444444444445 0.6331195150677694
14.472222222222221 0.6330489966459467
14.5 0.6329784954954896
14.527777777777779 0.6329080103135105
14.555555555555555 0.6328375398143629
14.583333333333334 0.6327670827294263
14.61111111111111 0.6326966378068871
14.63888888888889 0.6326262038115356
14.666666666666666 0.6325557795245484
14.694444444444445 0.6324853637432937
14.722222222222221 0.6324149552811164
14.75 0.6323445529671479
14.777777777777779 0.6322741556461059
14.805555555555555 0.6322037621780965
14.833333333333334 0.6321333714384265
14.86111111111111 0.6320629823174108
14.88888888888889 0.6319925937201901
14.916666666666666 0.6319222045665398
14.944444444444445 0.6318518137906927
14.972222222222221 0.6317814203411598
15.0 0.631711023180551
15.027777777777779 0.631640621285401
15.055555555555555 0.6315702136459975
15.083333333333334 0.6314997992662105
15.11111111111111 0.6314293771633225
15.13888888888889 0.6313589463678676
15.166666666666666 0.6312885059234633
15.194444444444445 0.6312180548866537
15.222222222222221 0.6311475923267448
15.25 0.6310771173256506
15.277777777777779 0.6310066289777391
15.305555555555555 0.6309361263896753
15.333333333333334 0.6308656086802763
15.36111111111111 0.6307950749803559
15.38888888888889 0.6307245244325805
15.416666666666666 0.6306539561913242
15.444444444444445 0.6305833694225259
15.472222222222221 0.6305127633035446
15.5 0.6304421370230252
15.527777777777779 0.6303714897807532
15.555555555555555 0.6303008207875271
15.583333333333334 0.6302301292650193
15.61111111111111 0.6301594144456432
15.63888888888889 0.6300886755724262
15.666666666666666 0.6300179118988751
15.694444444444445 0.6299471226888528
15.722222222222221 0.6298763072164539
15.75 0.6298054647658722
15.777777777777779 0.629734594631289
15.805555555555555 0.6296636961167458
15.833333333333334 0.6295927685360232
15.86111111111111 0.6295218112125274
15.88888888888889 0.6294508234791741
15.916666666666666 0.629379804678268
15.944444444444445 0.6293087541613955
15.972222222222221 0.6292376712893072
16.0 0.6291665554318112
16.02777777777778 0.629095405967664
16.055555555555557 0.6290242222844598
16.083333333333332 0.6289530037785237
16.11111111111111 0.6288817498548109
16.13888888888889 0.6288104599268002
16.166666666666668 0.628739133416389
16.194444444444443 0.6286677697537972
16.22222222222222 0.6285963683774637
16.25 0.628524928733949
16.27777777777778 0.6284534502778377
16.305555555555557 0.6283819324716405
16.333333333333332 0.6283103747857026
16.36111111111111 0.6282387766981066
16.38888888888889 0.628167137694582
16.416666666666668 0.6280954572684113
16.444444444444443 0.628023734920343
16.47222222222222 0.6279519701585007
16.5 0.6278801624982945
16.52777777777778 0.6278083114623306
16.555555555555557 0.6277364165803346
16.583333333333332 0.6276644773890602
16.61111111111111 0.6275924934322026
16.63888888888889 0.6275204642603209
16.666666666666668 0.6274483894307553
16.694444444444443 0.6273762685075469
16.72222222222222 0.6273041010613544
16.75 0.6272318866693789
16.77777777777778 0.6271596249152851
16.805555555555557 0.6270873153891229
16.833333333333332 0.6270149576872527
16.86111111111111 0.6269425514122728
16.88888888888889 0.6268700961729415
16.916666666666668 0.6267975915841045
16.944444444444443 0.6267250372666248
16.97222222222222 0.6266524328473079
17.0 0.6265797779588371
17.02777777777778 0.6265070722396966
17.055555555555557 0.6264343153341084
17.083333333333332 0.6263615068919637
17.11111111111111 0.6262886465687493
17.13888888888889 0.6262157340254889
17.166666666666668 0.6261427689286769
17.194444444444443 0.6260697509502088
17.22222222222222 0.6259966797673205
17.25 0.6259235550625266
17.27777777777778 0.6258503765235547
17.305555555555557 0.6257771438432839
17.333333333333332 0.6257038567196879
17.36111111111111 0.6256305148557695
17.38888888888889 0.6255571179595056
17.416666666666668 0.6254836657437854
17.444444444444443 0.6254101579263545
17.47222222222222 0.6253365942297553
17.5 0.6252629743812735
17.52777777777778 0.6251892981128785
17.555555555555557 0.6251155651611715
17.583333333333332 0.6250417752673277
17.61111111111111 0.6249679281770449
17.63888888888889 0.6248940236404884
17.666666666666668 0.6248200614122406
17.694444444444443 0.6247460412512447
17.72222222222222 0.6246719629207587
17.75 0.6245978261883001
17.77777777777778 0.6245236308255978
17.805555555555557 0.6244493766085428
17.833333333333332 0.6243750633171363
17.86111111111111 0.6243006907354438
17.88888888888889 0.6242262586515496
17.916666666666668 0.6241517668575041
17.944444444444443 0.6240772151492793
17.97222222222222 0.6240026033267233
18.0 0.6239279311935135
18.02777777777778 0.6238531985571139
18.055555555555557 0.6237784052287267
18.083333333333332 0.6237035510232517
18.11111111111111 0.6236286357592409
18.13888888888889 0.6235536592588551
18.166666666666668 0.6234786213478243
18.194444444444443 0.6234035218553995
18.22222222222222 0.6233283606143195
18.25 0.6232531374607637
18.27777777777778 0.6231778522343121
18.305555555555557 0.6231025047779085
18.333333333333332 0.6230270949378186
18.36111111111111 0.6229516225635896
18.38888888888889 0.6228760875080145
18.416666666666668 0.6228004896270926
18.444444444444443 0.6227248287799894
18.47222222222222 0.6226491048290028
18.5 0.6225733176395246
18.52777777777778 0.6224974670800028
18.555555555555557 0.6224215530219099
18.583333333333332 0.622345575339701
18.61111111111111 0.6222695339107813
18.63888888888889 0.6221934286154739
18.666666666666668 0.6221172593369826
18.694444444444443 0.622041025961359
18.72222222222222 0.6219647283774659
18.75 0.6218883664769492
18.77777777777778 0.6218119401542003
18.805555555555557 0.6217354493063275
18.833333333333332 0.62165889383312
18.86111111111111 0.6215822736370205
18.88888888888889 0.6215055886230872
18.916666666666668 0.6214288386989718
18.944444444444443 0.6213520237748835
18.97222222222222 0.6212751437635576
19.0 0.6211981985802274
19.02777777777778 0.6211211881425964
19.055555555555557 0.6210441123708061
19.083333333333332 0.6209669711874078
19.11111111111111 0.6208897645173335
19.13888888888889 0.6208124922878712
19.166666666666668 0.6207351544286334
19.194444444444443 0.6206577508715303
19.22222222222222 0.6205802815507406
19.25 0.6205027464026897
19.27777777777778 0.6204251453660177
19.305555555555557 0.6203474783815552
19.333333333333332 0.6202697453922981
19.36111111111111 0.6201919463433805
19.38888888888889 0.6201140811820498
19.416666666666668 0.6200361498576403
19.444444444444443 0.6199581523215515
19.47222222222222 0.6198800885272197
19.5 0.619801958430096
19.52777777777778 0.6197237619876201
19.555555555555557 0.6196454991592005
19.583333333333332 0.6195671699061867
19.61111111111111 0.6194887741918474
19.63888888888889 0.6194103119813493
19.666666666666668 0.6193317832417319
19.694444444444443 0.6192531879418861
19.72222222222222 0.6191745260525308
19.75 0.619095797546194
19.77777777777778 0.6190170023971889
19.805555555555557 0.6189381405815919
19.833333333333332 0.6188592120772218
19.86111111111111 0.6187802168636207
19.88888888888889 0.6187011549220297
19.916666666666668 0.6186220262353727
19.944444444444443 0.618542830788232
19.97222222222222 0.6184635685668312
20.0 0.618384239559013
20.02777777777778 0.6183048437542223
20.055555555555557 0.6182253811434865
20.083333333333332 0.6181458517193912
20.11111111111111 0.6180662554760691
20.13888888888889 0.6179865924091761
20.166666666666668 0.617906862515873
20.194444444444443 0.617827065794811
20.22222222222222 0.6177472022461079
20.25 0.617667271871337
20.27777777777778 0.6175872746735025
20.305555555555557 0.6175072106570262
20.333333333333332 0.6174270798277278
20.36111111111111 0.6173468821928112
20.38888888888889 0.617266617760845
20.416666666666668 0.617186286541747
20.444444444444443 0.6171058885467637
20.47222222222222 0.617025423788461
20.5 0.6169448922807019
20.52777777777778 0.616864294038634
20.555555555555557 0.6167836290786716
20.583333333333332 0.6167028974184803
20.61111111111111 0.6166220990769649
20.63888888888889 0.6165412340742483
20.666666666666668 0.6164603024316618
20.694444444444443 0.6163793041717275
20.72222222222222 0.6162982393181424
20.75 0.6162171078957661
20.77777777777778 0.6161359099306061
20.805555555555557 0.6160546454498007
20.833333333333332 0.6159733144816107
20.86111111111111 0.6158919170553983
20.88888888888889 0.6158104532016191
20.916666666666668 0.6157289229518055
20.944444444444443 0.615647326338552
20.97222222222222 0.6155656633955056
21.0 0.6154839341573493
21.02777777777778 0.6154021386597922
21.055555555555557 0.6153202769395532
21.083333333333332 0.6152383490343499
21.11111111111111 0.6151563549828845
21.13888888888889 0.6150742948248342
21.166666666666668 0.6149921686008384
21.194444444444443 0.6149099763524819
21.22222222222222 0.6148277181222892
21.25 0.6147453939537086
21.27777777777778 0.6146630038911012
21.305555555555557 0.6145805479797269
21.333333333333332 0.6144980262657391
21.36111111111111 0.6144154387961682
21.38888888888889 0.614332785618911
21.416666666666668 0.6142500667827187
21.444444444444443 0.6141672823371899
21.47222222222222 0.6140844323327552
21.5 0.6140015168206678
21.52777777777778 0.6139185358529955
21.555555555555557 0.613835489482605
21.583333333333332 0.6137523777631552
21.61111111111111 0.6136692007490862
21.63888888888889 0.6135859584956074
21.666666666666668 0.6135026510586921
21.694444444444443 0.613419278495059
21.72222222222222 0.613335840862172
21.75 0.6132523382182222
21.77777777777778 0.6131687706221256
21.805555555555557 0.6130851381335055
21.833333333333332 0.6130014408126897
21.86111111111111 0.6129176787206984
21.88888888888889 0.6128338519192351
21.916666666666668 0.6127499604706783
21.944444444444443 0.6126660044380706
21.97222222222222 0.6125819838851112
22.0 0.6124978988761474
22.02777777777778 0.6124137494761638
22.055555555555557 0.6123295357507766
22.083333333333332 0.6122452577662215
22.11111111111111 0.612160915589348
22.13888888888889 0.612076509287612
22.166666666666668 0.6119920389290634
22.194444444444443 0.6119075045823403
22.22222222222222 0.611822906316661
22.25 0.6117382442018173
22.27777777777778 0.6116535183081622
22.305555555555557 0.6115687287066064
22.333333333333332 0.6114838754686108
22.36111111111111 0.6113989586661736
22.38888888888889 0.6113139783718269
22.416666666666668 0.6112289346586308
22.444444444444443 0.6111438276001612
22.47222222222222 0.6110586572705061
22.5 0.6109734237442561
22.52777777777778 0.6108881270964986
22.555555555555557 0.6108027674028113
22.583333333333332 0.610717344739252
22.61111111111111 0.6106318591823563
22.63888888888889 0.6105463108091275
22.666666666666668 0.6104606996970284
22.694444444444443 0.6103750259239797
22.72222222222222 0.6102892895683495
22.75 0.6102034907089472
22.77777777777778 0.6101176294250172
22.805555555555557 0.6100317057962336
22.833333333333332 0.6099457199026911
22.86111111111111 0.609859671824902
22.88888888888889 0.6097735616437874
22.916666666666668 0.6096873894406756
22.944444444444443 0.6096011552972884
22.97222222222222 0.6095148592957417
23.0 0.6094285015185351
23.02777777777778 0.6093420820485478
23.055555555555557 0.6092556009690364
23.083333333333332 0.6091690583636226
23.11111111111111 0.6090824543162918
23.13888888888889 0.6089957889113858
23.166666666666668 0.6089090622335972
23.194444444444443 0.6088222743679659
23.22222222222222 0.60873542539987
23.25 0.6086485154150238
23.27777777777778 0.6085615444994716
23.305555555555557 0.6084745127395816
23.333333333333332 0.6083874202220413
23.36111111111111 0.6083002670338511
23.38888888888889 0.6082130532623214
23.416666666666668 0.6081257789950653
23.444444444444443 0.608038444319996
23.47222222222222 0.6079510493253196
23.5 0.6078635940995312
23.52777777777778 0.6077760787314105
23.555555555555557 0.6076885033100161
23.583333333333332 0.6076008679246818
23.61111111111111 0.6075131726650095
23.63888888888889 0.6074254176208685
23.666666666666668 0.6073376028823881
23.694444444444443 0.6072497285399555
23.72222222222222 0.6071617946842064
23.75 0.6070738014060264
23.77777777777778 0.6069857487965428
23.805555555555557 0.6068976369471213
23.833333333333332 0.6068094659493634
23.86111111111111 0.6067212358950993
23.88888888888889 0.606632946876385
23.916666666666668 0.6065445989854991
23.944444444444443 0.6064561923149383
23.97222222222222 0.6063677269574119
