0.0 0.0
0.1111111111111111 0.04190036049454212
0.2222222222222222 0.10130726945594797
0.3333333333333333 0.1681395377816559
0.4444444444444444 0.23735903421398274
0.5555555555555556 0.3061507890197272
0.6666666666666666 0.37284897581387916
0.7777777777777778 0.436452224341552
0.8888888888888888 0.49637356518353426
1.0 0.5522971159561648
1.1111111111111112 0.6040892062056828
1.2222222222222223 0.6517401566635659
1.3333333333333333 0.6953247568510474
1.4444444444444444 0.7349748307218457
1.5555555555555556 0.7708599233775594
1.6666666666666667 0.8031735758197416
1.7777777777777777 0.8321235011876906
1.8888888888888888 0.8579245102464035
2.0 0.8807933874248959
2.111111111111111 0.9009451598496749
2.2222222222222223 0.9185903693303505
2.3333333333333335 0.9339330747317148
2.4444444444444446 0.9471693947764451
2.5555555555555554 0.9584864592127093
2.6666666666666665 0.9680616764596922
2.7777777777777777 0.9760622532855276
2.888888888888889 0.9826449203921698
3.0 0.9879558296588413
3.111111111111111 0.9921305962352882
3.2222222222222223 0.9952944631793674
3.3333333333333335 0.9975625690094606
3.4444444444444446 0.9990403001874013
3.5555555555555554 0.9998237117084305
3.6666666666666665 1.0
3.7777777777777777 0.9996480134185762
3.888888888888889 0.9988387868701459
4.0 0.9976360884779188
4.111111111111111 0.9960969677457854
4.222222222222222 0.9942722962610611
4.333333333333333 0.9922072935809196
4.444444444444445 0.9899420324937507
4.555555555555555 0.9875119192903498
4.666666666666667 0.9849481459845315
4.777777777777778 0.9822781125664802
4.888888888888889 0.9795258183453348
5.0 0.9767122222408041
5.111111111111111 0.9738555725254786
5.222222222222222 0.9709717070136427
5.333333333333333 0.968074325055738
5.444444444444445 0.9651752329484324
5.555555555555555 0.9622845645269061
5.666666666666667 0.9594109787858895
5.777777777777778 0.9565618363951486
5.888888888888889 0.9537433569476197
6.0 0.9509607587163353
6.111111111111111 0.9482183826098773
6.222222222222222 0.9455198019136325
6.333333333333333 0.9428679192922882
6.444444444444445 0.9402650524129804
6.555555555555555 0.9377130094322917
6.666666666666667 0.9352131554767281
6.777777777777778 0.9327664711375212
6.888888888888889 0.9303736038979304
7.0 0.9280349133154924
7.111111111111111 0.9257505106933528
7.222222222222222 0.9235202938939505
7.333333333333333 0.9213439778748832
7.444444444444445 0.9192211214603988
7.555555555555555 0.9171511508023276
7.666666666666667 0.9151333799308904
7.777777777777778 0.9131670287482417
7.888888888888889 0.9112512387753208
8.0 0.909385086925122
8.11111111111111 0.9075675975423635
8.222222222222221 0.9057977529203161
8.333333333333334 0.9040745024797966
8.444444444444445 0.9023967707727093
8.555555555555555 0.9007634644526085
8.666666666666666 0.8991734783373133
8.777777777777779 0.8976257006732873
8.88888888888889 0.8961190176980875
9.0 0.894652317585425
9.11111111111111 0.8932244938470867
9.222222222222221 0.891834448256956
9.333333333333334 0.8904810933544739
9.444444444444445 0.8891633545779614
9.555555555555555 0.8878801720721813
9.666666666666666 0.8866305022091997
9.777777777777779 0.8854133188569622
9.88888888888889 0.8842276144259172
10.0 0.8830724007204463
10.11111111111111 0.8819467096187122
10.222222222222221 0.8808495936017817
10.333333333333334 0.8797801261504501
10.444444444444445 0.8787374020260634
10.555555555555555 0.8777205374497522
10.666666666666666 0.876728670192837
10.777777777777779 0.8757609595897057
10.88888888888889 0.8748165864831726
11.0 0.8738947531111962
11.11111111111111 0.8729946829428172
11.222222222222221 0.8721156204702977
11.333333333333334 0.8712568309636486
11.444444444444445 0.8704176001930353
11.555555555555555 0.8695972341239279
11.666666666666666 0.868795058589321
11.777777777777779 0.8680104189428473
11.88888888888889 0.8672426796961835
12.0 0.8664912241437571
12.11111111111111 0.8657554539774167
12.222222222222221 0.8650347888934224
12.333333333333334 0.8643286661938423
12.444444444444445 0.8636365403841888
12.555555555555555 0.8629578827689235
12.666666666666666 0.8622921810462502
12.777777777777779 0.8616389389034522
12.88888888888889 0.8609976756138709
13.0 0.8603679256364861
13.11111111111111 0.8597492382189277
13.222222222222221 0.859141177004649
13.333333333333334 0.8585433196448821
13.444444444444445 0.8579552574159107
13.555555555555555 0.8573765948421217
13.666666666666666 0.8568069493252164
13.777777777777779 0.8562459507799068
13.88888888888889 0.8556932412763623
14.0 0.8551484746896258
14.11111111111111 0.8546113163561642
14.222222222222221 0.8540814427376897
14.333333333333334 0.8535585410923483
14.444444444444445 0.853042309153332
14.555555555555555 0.8525324548149625
14.666666666666666 0.8520286958262456
14.777777777777779 0.8515307594918937
14.88888888888889 0.8510383823807863
15.0 0.850551310041815
15.11111111111111 0.8500692967270608
15.222222222222221 0.8495921051222197
15.333333333333334 0.8491195060842003
15.444444444444445 0.8486512783857877
15.555555555555555 0.8481872084672799
15.666666666666666 0.847727090194977
15.777777777777779 0.8472707246264126
15.88888888888889 0.8468179197822026
16.0 0.8463684904243858
16.11111111111111 0.8459222578411271
16.22222222222222 0.8454790496376525
16.333333333333332 0.8450386995332804
16.444444444444443 0.8446010471644159
16.555555555555557 0.8441659378933709
16.666666666666668 0.8437332226228759
16.77777777777778 0.8433027576161435
16.88888888888889 0.8428744043223523
17.0 0.8424480292074126
17.11111111111111 0.8420235035898825
17.22222222222222 0.841600703481899
17.333333333333332 0.8411795094349939
17.444444444444443 0.8407598063906662
17.555555555555557 0.8403414835355804
17.666666666666668 0.8399244341612655
17.77777777777778 0.8395085555281921
17.88888888888889 0.839093748734104
18.0 0.8386799185864849
18.11111111111111 0.8382669734790448
18.22222222222222 0.8378548252721075
18.333333333333332 0.8374433891767902
18.444444444444443 0.8370325836428635
18.555555555555557 0.8366223302501825
18.666666666666668 0.8362125536035878
18.77777777777778 0.8358031812311693
18.88888888888889 0.8353941434857941
19.0 0.8349853734498024
19.11111111111111 0.8345768068427724
19.22222222222222 0.834168381932264
19.333333333333332 0.8337600394474498
19.444444444444443 0.8333517224955443
19.555555555555557 0.8329433764809466
19.666666666666668 0.8325349490270118
19.77777777777778 0.8321263899003704
19.88888888888889 0.8317176509377169
20.0 0.8313086859749901
20.11111111111111 0.8308994507788692
20.22222222222222 0.8304899029805158
20.333333333333332 0.8300800020114892
20.444444444444443 0.8296697090417655
20.555555555555557 0.8292589869197973
20.666666666666668 0.8288478001145456
20.77777777777778 0.8284361146594235
20.88888888888889 0.8280238980980903
21.0 0.8276111194320366
21.11111111111111 0.8271977490699022
21.22222222222222 0.8267837587784744
21.333333333333332 0.8263691216353084
21.444444444444443 0.8259538119829201
21.555555555555557 0.8255378053845023
21.666666666666668 0.8251210785811094
21.77777777777778 0.8247036094502702
21.88888888888889 0.8242853769659766
22.0 0.8238663611600072
22.11111111111111 0.8234465430845406
22.22222222222222 0.8230259047760169
22.333333333333332 0.822604429220208
22.444444444444443 0.8221821003184541
22.555555555555557 0.821758902855032
22.666666666666668 0.8213348224656152
22.77777777777778 0.8209098456067924
22.88888888888889 0.820483959526608
23.0 0.8200571522360922
23.11111111111111 0.8196294124817456
23.22222222222222 0.819200729718953
23.333333333333332 0.8187710940862876
23.444444444444443 0.8183404963806828
23.555555555555557 0.8179089280334411
23.666666666666668 0.8174763810870493
23.77777777777778 0.8170428481727802
23.88888888888889 0.8166083224890465
24.0 0.81617279778049
