0.0 0.0
0.027777777777777776 0.0
0.05555555555555555 0.0047670851927188885
0.08333333333333333 0.012664942210192797
0.1111111111111111 0.022864429633682345
0.1388888888888889 0.034823600610527465
0.16666666666666666 0.04815688775175963
0.19444444444444445 0.0625763663082869
0.2222222222222222 0.07785978097415773
0.25 0.09383116709157617
0.2777777777777778 0.11034830255198705
0.3055555555555556 0.12729422777364477
0.3333333333333333 0.14457134070849975
0.3611111111111111 0.1620971875049759
0.3888888888888889 0.17980140009235407
0.4166666666666667 0.19762342517727194
0.4444444444444444 0.21551080852563007
0.4722222222222222 0.23341787489193808
0.5 0.2513046941456786
0.5277777777777778 0.26913625762142906
0.5555555555555556 0.2868818113302351
0.5833333333333334 0.3045143081016203
0.6111111111111112 0.32200995135933924
0.6388888888888888 0.33934781063055375
0.6666666666666666 0.35650949408253674
0.6944444444444444 0.37347886706569444
0.7222222222222222 0.39024180828322813
0.75 0.40678599712283664
0.7777777777777778 0.4231007270907897
0.8055555555555556 0.4391767413322497
0.8333333333333334 0.4550060870068813
0.8611111111111112 0.4705819858873647
0.8888888888888888 0.48589871901086296
0.9166666666666666 0.5009515235754787
0.9444444444444444 0.51573650056077
0.9722222222222222 0.5302505317818069
1.0 0.5444912052733959
1.0277777777777777 0.5584567480547526
1.0555555555555556 0.5721459654523343
1.0833333333333333 0.5855581862651817
1.1111111111111112 0.598693213147113
1.1388888888888888 0.6115512776565865
1.1666666666666667 0.6241329994905015
1.1944444444444444 0.6364393494745074
1.2222222222222223 0.6484716159311139
1.25 0.6602313740892191
1.2777777777777777 0.6717204582355988
1.3055555555555556 0.6829409363412571
1.3333333333333333 0.693895086923929
1.3611111111111112 0.7045853779330802
1.3888888888888888 0.7150144474658477
1.4166666666666667 0.7251850861419686
1.4444444444444444 0.7351002209831107
1.4722222222222223 0.744762900657494
1.5 0.7541762819644567
1.5277777777777777 0.7633436174459256
1.5555555555555556 0.7722682440227411
1.5833333333333333 0.7809535725636318
1.6111111111111112 0.7894030783034756
1.6388888888888888 0.7976202920353964
1.6666666666666667 0.8056087920083985
1.6944444444444444 0.8133721964686473
1.7222222222222223 0.8209141567883015
1.75 0.8282383511310264
1.7777777777777777 0.8353484786080377
1.8055555555555556 0.8422482538827937
1.8333333333333333 0.8489414021863201
1.8611111111111112 0.8554316547086507
1.8888888888888888 0.8617227443350473
1.9166666666666667 0.8678184016985327
1.9444444444444444 0.8737223515228951
1.9722222222222223 0.8794383092326962
2.0 0.8849699778089665
2.0277777777777777 0.8903210448712487
2.0555555555555554 0.8954951799684184
2.0833333333333335 0.9004960320623461
2.111111111111111 0.9053272271899373
2.138888888888889 0.9099923662904273
2.1666666666666665 0.9144950231860338
2.1944444444444446 0.9188387427051682
2.2222222222222223 0.9230270389384302
2.25 0.9270633936185075
2.2777777777777777 0.9309512546159439
2.3055555555555554 0.9346940345434847
2.3333333333333335 0.9382951094623898
2.361111111111111 0.9417578176847176
2.388888888888889 0.9450854586661411
2.4166666666666665 0.9482812919843537
2.4444444444444446 0.951348536398569
2.4722222222222223 0.9542903689860327
2.5 0.95710992435181
2.5277777777777777 0.9598102939084454
2.5555555555555554 0.962394525222375
2.5833333333333335 0.9648656214242262
2.611111111111111 0.9672265406803597
2.638888888888889 0.9694801957232192
2.6666666666666665 0.9716294534382112
2.6944444444444446 0.9736771345050083
2.7222222222222223 0.9756260130912853
2.75 0.9774788165970215
2.7777777777777777 0.9792382254475983
2.8055555555555554 0.9809068729340058
2.8333333333333335 0.9824873450985415
2.861111111111111 0.9839821806644513
2.888888888888889 0.9853938710080027
2.9166666666666665 0.9867248601715338
2.9444444444444446 0.9879775449160493
2.9722222222222223 0.9891542748119625
3.0 0.9902573523666149
3.0277777777777777 0.9912890331872067
3.0555555555555554 0.9922515261778072
3.0833333333333335 0.9931469937691065
3.111111111111111 0.9939775521795979
3.138888888888889 0.9947452717068733
3.1666666666666665 0.9954521770477328
3.1944444444444446 0.9961002476458095
3.2222222222222223 0.9966914180654232
3.25 0.9972275783903785
3.2777777777777777 0.9977105746464281
3.3055555555555554 0.9981422092461458
3.3333333333333335 0.9985242414549367
3.361111111111111 0.9988583878769514
3.388888888888889 0.9991463229596553
3.4166666666666665 0.9993896795158443
3.4444444444444446 0.999590049261887
3.4722222222222223 0.9997489833710079
3.5 0.9998679930404388
3.5277777777777777 0.9999485500712769
3.5555555555555554 0.9999920874599266
3.5833333333333335 1.0
3.611111111111111 0.9999736448936003
3.638888888888889 0.999914342370919
3.6666666666666665 0.99982337631711
3.6944444444444446 0.9997019949054369
3.7222222222222223 0.9995514112357066
3.75 0.9993728039770443
3.7777777777777777 0.9991673180140875
3.8055555555555554 0.9989360650957089
3.8333333333333335 0.9986801244854147
3.861111111111111 0.9984005436125913
3.888888888888889 0.9980983387238112
3.9166666666666665 0.9977744955334367
3.9444444444444446 0.9974299698728015
3.9722222222222223 0.997065688337273
4.0 0.9966825489305458
4.027777777777778 0.9962814217055327
4.055555555555555 0.9958631494012697
4.083333333333333 0.9954285480752746
4.111111111111111 0.9949784077308353
4.138888888888889 0.9945134929387297
4.166666666666667 0.9940345434529222
4.194444444444445 0.9935422748198065
4.222222222222222 0.9930373789805873
4.25 0.9925205248664404
4.277777777777778 0.9919923589861048
4.305555555555555 0.9914535060055973
4.333333333333333 0.9909045693197612
4.361111111111111 0.9903461316153948
4.388888888888889 0.9897787554257232
4.416666666666667 0.9892029836760118
4.444444444444445 0.9886193402201278
4.472222222222222 0.9880283303679019
4.5 0.9874304414031405
4.527777777777778 0.9868261430921772
4.555555555555555 0.9862158881828669
4.583333333333333 0.9856001128939404
4.611111111111111 0.9849792373946656
4.638888888888889 0.9843536662747707
4.666666666666667 0.9837237890046031
4.694444444444445 0.9830899803855178
4.722222222222222 0.982452600990499
4.75 0.9818119975950328
4.777777777777778 0.9811685035982634
4.805555555555555 0.980522439434483
4.833333333333333 0.9798741129750019
4.861111111111111 0.9792238199204726
4.888888888888889 0.9785718441837418
4.916666666666667 0.977918458263318
4.944444444444445 0.9772639236075437
4.972222222222222 0.9766084909695822
5.0 0.975952400753321
5.027777777777778 0.9752958833503103
5.055555555555555 0.9746391594678608
5.083333333333333 0.9739824404484202
5.111111111111111 0.9733259285803696
5.138888888888889 0.9726698174003658
5.166666666666667 0.9720142919873779
5.194444444444445 0.9713595292485547
5.222222222222222 0.9707056981970706
5.25 0.9700529602221002
5.277777777777778 0.9694014693510655
5.305555555555555 0.9687513725043163
5.333333333333333 0.9681028097423855
5.361111111111111 0.9674559145059839
5.388888888888889 0.96681081384888
5.416666666666667 0.9661676286638251
5.444444444444445 0.9655264739016725
5.472222222222222 0.9648874587838543
5.5 0.964250687008355
5.527777777777778 0.9636162569493525
5.555555555555555 0.9629842618506622
5.583333333333333 0.9623547900131454
5.611111111111111 0.9617279249762293
5.638888888888889 0.9611037456936837
5.666666666666667 0.9604823267038053
5.694444444444445 0.9598637382941505
5.722222222222222 0.9592480466609633
5.75 0.9586353140634377
5.777777777777778 0.9580255989729513
5.805555555555555 0.9574189562174111
5.833333333333333 0.9568154371208447
5.861111111111111 0.9562150896383672
5.888888888888889 0.9556179584866558
5.916666666666667 0.9550240852700596
5.944444444444445 0.9544335086024693
5.972222222222222 0.9538462642250716
6.0 0.9532623851201025
6.027777777777778 0.9526819016207265
6.055555555555555 0.9521048415171479
6.083333333333333 0.9515312301590746
6.111111111111111 0.9509610905546368
6.138888888888889 0.9503944434658779
6.166666666666667 0.9498313075009118
6.194444444444445 0.9492716992028595
6.222222222222222 0.9487156331356565
6.25 0.9481631219668374
6.277777777777778 0.9476141765473824
6.305555555555555 0.9470688059887304
6.333333333333333 0.9465270177370386
6.361111111111111 0.945988817644783
6.388888888888889 0.9454542100397836
6.416666666666667 0.944923197791738
6.444444444444445 0.944395782376343
6.472222222222222 0.9438719639370847
6.5 0.9433517413447747
6.527777777777778 0.942835112254904
6.555555555555555 0.9423220731628893
6.583333333333333 0.9418126194572808
6.611111111111111 0.9413067454710008
6.638888888888889 0.9408044445306781
6.666666666666667 0.9403057090041453
6.694444444444445 0.9398105303461546
6.722222222222222 0.9393188991423829
6.75 0.9388308051517751
6.777777777777778 0.9383462373472888
6.805555555555555 0.9378651839550927
6.833333333333333 0.937387632492272
6.861111111111111 0.9369135698030944
6.888888888888889 0.9364429820938863
6.916666666666667 0.9359758549665659
6.944444444444445 0.9355121734508804
6.972222222222222 0.9350519220353986
7.0 0.9345950846972927
7.027777777777778 0.9341416449309616
7.055555555555555 0.9336915857755308
7.083333333333333 0.9332448898412714
7.111111111111111 0.9328015393349763
7.138888888888889 0.9323615160843315
7.166666666666667 0.9319248015613163
7.194444444444445 0.9314913769046702
7.222222222222222 0.9310612229414597
7.25 0.9306343202077747
7.277777777777778 0.9302106489685902
7.305555555555555 0.9297901892368191
7.333333333333333 0.9293729207915926
7.361111111111111 0.9289588231957865
7.388888888888889 0.9285478758128303
7.416666666666667 0.9281400578228205
7.444444444444445 0.9277353482379646
7.472222222222222 0.9273337259173808
7.5 0.9269351695812775
7.527777777777778 0.926539657824535
7.555555555555555 0.926147169129712
7.583333333333333 0.925757681879498
7.611111111111111 0.9253711743686335
7.638888888888889 0.924987624815314
7.666666666666667 0.9246070113721053
7.694444444444445 0.9242293121363779
7.722222222222222 0.9238545051602864
7.75 0.9234825684603098
7.777777777777778 0.9231134800263648
7.805555555555555 0.9227472178305164
7.833333333333333 0.9223837598352908
7.861111111111111 0.9220230840016158
7.888888888888889 0.9216651682963983
7.916666666666667 0.9213099906997485
7.944444444444445 0.920957529211874
7.972222222222222 0.9206077618596485
8.0 0.9202606667028715
8.027777777777779 0.919916221840229
8.055555555555555 0.9195744054149688
8.083333333333334 0.9192351956203002
8.11111111111111 0.9188985707045255
8.13888888888889 0.9185645089759256
8.166666666666666 0.9182329888073902
8.194444444444445 0.917903988640823
8.222222222222221 0.9175774869913138
8.25 0.9172534624510987
8.277777777777779 0.9169318936933109
8.305555555555555 0.9166127594755292
8.333333333333334 0.9162960386431384
8.36111111111111 0.9159817101325032
8.38888888888889 0.9156697529739638
8.416666666666666 0.9153601462946646
8.444444444444445 0.9150528693212189
8.472222222222221 0.9147479013822151
8.5 0.9144452219105758
8.527777777777779 0.9141448104457699
8.555555555555555 0.9138466466358898
8.583333333333334 0.9135507102395918
8.61111111111111 0.9132569811279141
8.63888888888889 0.9129654392859688
8.666666666666666 0.9126760648145203
8.694444444444445 0.9123888379314483
8.722222222222221 0.9121037389731069
8.75 0.9118207483955776
8.777777777777779 0.9115398467758268
8.805555555555555 0.911261014812766
8.833333333333334 0.9109842333282233
8.86111111111111 0.9107094832678277
8.88888888888889 0.9104367457018108
8.916666666666666 0.9101660018257285
8.944444444444445 0.9098972329611064
8.972222222222221 0.9096304205560156
9.0 0.909365546185573
9.027777777777779 0.9091025915523818
9.055555555555555 0.9088415384869034
9.083333333333334 0.9085823689477714
9.11111111111111 0.9083250650220461
9.13888888888889 0.9080696089254132
9.166666666666666 0.9078159830023323
9.194444444444445 0.9075641697261306
9.222222222222221 0.9073141516990516
9.25 0.9070659116522567
9.277777777777779 0.9068194324457824
9.305555555555555 0.9065746970684565
9.333333333333334 0.9063316886377726
9.36111111111111 0.9060903903997296
9.38888888888889 0.9058507857286325
9.416666666666666 0.9056128581268588
9.444444444444445 0.9053765912245934
9.472222222222221 0.9051419687795311
9.5 0.9049089746765512
9.527777777777779 0.9046775929273618
9.555555555555555 0.9044478076701175
9.583333333333334 0.9042196031690138
9.61111111111111 0.9039929638138554
9.63888888888889 0.9037678741196038
9.666666666666666 0.9035443187258995
9.694444444444445 0.9033222823965684
9.722222222222221 0.9031017500191053
9.75 0.9028827066041423
9.777777777777779 0.9026651372848956
9.805555555555555 0.9024490273166016
9.833333333333334 0.9022343620759329
9.86111111111111 0.9020211270604025
9.88888888888889 0.9018093078877548
9.916666666666666 0.9015988902953408
9.944444444444445 0.9013898601394861
9.972222222222221 0.9011822033948443
10.0 0.9009759061537401
10.027777777777779 0.9007709546255058
10.055555555555555 0.9005673351358053
10.083333333333334 0.9003650341259517
10.11111111111111 0.9001640381522164
10.13888888888889 0.8999643338851315
10.166666666666666 0.899765908108787
10.194444444444445 0.899568747720117
10.222222222222221 0.8993728397281878
10.25 0.8991781712534753
10.277777777777779 0.8989847295271395
10.305555555555555 0.8987925018902965
10.333333333333334 0.8986014757932844
10.36111111111111 0.8984116387949277
10.38888888888889 0.8982229785617986
10.416666666666666 0.8980354828674755
10.444444444444445 0.8978491395917999
10.472222222222221 0.8976639367201313
10.5 0.8974798623426005
10.527777777777779 0.8972969046533631
10.555555555555555 0.8971150519498503
10.583333333333334 0.8969342926320215
10.61111111111111 0.8967546152016141
10.63888888888889 0.8965760082613968
10.666666666666666 0.896398460514419
10.694444444444445 0.8962219607632653
10.722222222222221 0.8960464979093075
10.75 0.895872060951959
10.777777777777779 0.8956986389879299
10.805555555555555 0.8955262212104846
10.833333333333334 0.8953547969086998
10.86111111111111 0.8951843554667248
10.88888888888889 0.8950148863630444
10.916666666666666 0.8948463791697421
10.944444444444445 0.894678823551768
10.972222222222221 0.8945122092662083
11.0 0.8943465261615553
11.027777777777779 0.8941817641769837
11.055555555555555 0.8940179133416268
11.083333333333334 0.8938549637738574
11.11111111111111 0.8936929056805706
11.13888888888889 0.8935317293564702
11.166666666666666 0.8933714251833595
11.194444444444445 0.8932119836294334
11.222222222222221 0.8930533952485745
11.25 0.8928956506796547
11.277777777777779 0.8927387406458372
11.305555555555555 0.8925826559538851
11.333333333333334 0.8924273874934722
11.36111111111111 0.8922729262364965
11.38888888888889 0.8921192632364008
11.416666666666666 0.8919663896274946
11.444444444444445 0.89181429662428
11.472222222222221 0.8916629755207839
11.5 0.8915124176898905
11.527777777777779 0.8913626145826824
11.555555555555555 0.891213557727781
11.583333333333334 0.8910652387306958
11.61111111111111 0.8909176492731748
11.63888888888889 0.8907707811125584
11.666666666666666 0.8906246260811425
11.694444444444445 0.8904791760855393
11.722222222222221 0.8903344231060467
11.75 0.8901903591960217
11.777777777777779 0.8900469764812562
11.805555555555555 0.889904267159358
11.833333333333334 0.8897622234991374
11.86111111111111 0.8896208378399968
11.88888888888889 0.8894801025913248
11.916666666666666 0.8893400102318942
11.944444444444445 0.8892005533092663
11.972222222222221 0.8890617244391977
12.0 0.8889235163050515
12.027777777777779 0.8887859216572145
12.055555555555555 0.8886489333125167
12.083333333333334 0.888512544153657
12.11111111111111 0.8883767471286309
12.13888888888889 0.8882415352501666
12.166666666666666 0.8881069015951607
12.194444444444445 0.8879728393041209
12.222222222222221 0.8878393415806127
12.25 0.8877064016907112
12.277777777777779 0.887574012962454
12.305555555555555 0.8874421687853032
12.333333333333334 0.887310862609607
12.36111111111111 0.8871800879460693
12.38888888888889 0.8870498383652204
12.416666666666666 0.8869201074968946
12.444444444444445 0.8867908890297103
12.472222222222221 0.8866621767105543
12.5 0.8865339643440723
12.527777777777779 0.8864062457921605
12.555555555555555 0.886279014973463
12.583333333333334 0.8861522658628744
12.61111111111111 0.886025992491044
12.63888888888889 0.8859001889438852
12.666666666666666 0.885774849362091
12.694444444444445 0.8856499679406488
12.722222222222221 0.8855255389283642
12.75 0.885401556627385
12.777777777777779 0.8852780153927325
12.805555555555555 0.8851549096318332
12.833333333333334 0.8850322338040569
12.86111111111111 0.884909982420259
12.88888888888889 0.8847881500423227
12.916666666666666 0.884666731282712
12.944444444444445 0.8845457208040207
12.972222222222221 0.8844251133185312
13.0 0.8843049035877749
13.027777777777779 0.8841850864220941
13.055555555555555 0.8840656566802128
13.083333333333334 0.8839466092688054
13.11111111111111 0.8838279391420732
13.13888888888889 0.8837096413013245
13.166666666666666 0.8835917107945533
13.194444444444445 0.8834741427160289
13.222222222222221 0.8833569322058834
13.25 0.8832400744497059
13.277777777777779 0.8831235646781378
13.305555555555555 0.8830073981664739
13.333333333333334 0.882891570234266
13.36111111111111 0.8827760762449283
13.38888888888889 0.8826609116053501
13.416666666666666 0.8825460717655075
13.444444444444445 0.8824315522180813
13.472222222222221 0.8823173484980781
13.5 0.8822034561824528
13.527777777777779 0.8820898708897357
13.555555555555555 0.881976588279664
13.583333333333334 0.8818636040528139
13.61111111111111 0.8817509139502381
13.63888888888889 0.881638513753105
13.666666666666666 0.8815263992823423
13.694444444444445 0.881414566398283
13.722222222222221 0.8813030110003146
13.75 0.8811917290265308
13.777777777777779 0.8810807164533883
13.805555555555555 0.8809699692953635
13.833333333333334 0.880859483604615
13.86111111111111 0.880749255470648
13.88888888888889 0.8806392810199805
13.916666666666666 0.8805295564158151
13.944444444444445 0.8804200778577109
13.972222222222221 0.8803108415812605
14.0 0.8802018438577676
14.027777777777779 0.8800930809939304
14.055555555555555 0.8799845493315247
14.083333333333334 0.8798762452470918
14.11111111111111 0.8797681651516291
14.13888888888889 0.8796603054902818
14.166666666666666 0.8795526627420389
14.194444444444445 0.879445233419432
14.222222222222221 0.8793380140682358
14.25 0.8792310012671708
14.277777777777779 0.8791241916276109
14.305555555555555 0.8790175817932917
14.333333333333334 0.8789111684400209
14.36111111111111 0.8788049482753933
14.38888888888889 0.8786989180385072
14.416666666666666 0.8785930744996824
14.444444444444445 0.878487414460183
14.472222222222221 0.8783819347519403
14.5 0.8782766322372794
14.527777777777779 0.8781715038086478
14.555555555555555 0.8780665463883478
14.583333333333334 0.8779617569282684
14.61111111111111 0.8778571324096215
14.63888888888889 0.8777526698426826
14.666666666666666 0.8776483662665273
14.694444444444445 0.8775442187487782
14.722222222222221 0.8774402243853473
14.75 0.877336380300185
14.777777777777779 0.8772326836450292
14.805555555555555 0.8771291315991577
14.833333333333334 0.8770257213691411
14.86111111111111 0.8769224501886017
14.88888888888889 0.876819315317969
14.916666666666666 0.8767163140442419
14.944444444444445 0.8766134436807518
14.972222222222221 0.8765107015669266
15.0 0.8764080850680578
15.027777777777779 0.8763055915750703
15.055555555555555 0.8762032185042927
15.083333333333334 0.876100963297231
15.11111111111111 0.8759988234203427
15.13888888888889 0.8758967963648151
15.166666666666666 0.875794879646345
15.194444444444445 0.8756930708049165
15.222222222222221 0.8755913674045891
15.25 0.875489767033278
15.277777777777779 0.8753882673025438
15.305555555555555 0.8752868658473795
15.333333333333334 0.8751855603260035
15.36111111111111 0.8750843484196493
15.38888888888889 0.8749832278323624
15.416666666666666 0.8748821962907942
15.444444444444445 0.8747812515440019
15.472222222222221 0.8746803913632476
15.5 0.8745796135417993
15.527777777777779 0.8744789158947353
15.555555555555555 0.8743782962587485
15.583333333333334 0.8742777524919537
15.61111111111111 0.8741772824736955
15.63888888888889 0.8740768841043598
15.666666666666666 0.8739765553051843
15.694444444444445 0.8738762940180727
15.722222222222221 0.8737760982054106
15.75 0.8736759658498815
15.777777777777779 0.8735758949542859
15.805555555555555 0.8734758835413604
15.833333333333334 0.8733759296536012
15.86111111111111 0.8732760313530865
15.88888888888889 0.8731761867213007
15.916666666666666 0.8730763938589619
15.944444444444445 0.8729766508858501
15.972222222222221 0.8728769559406352
16.0 0.8727773071807099
16.02777777777778 0.8726777027820206
16.055555555555557 0.8725781409389033
16.083333333333332 0.8724786198639164
16.11111111111111 0.8723791377876813
16.13888888888889 0.8722796929587175
16.166666666666668 0.8721802836432837
16.194444444444443 0.8720809081252197
16.22222222222222 0.8719815647057882
16.25 0.8718822517035195
16.27777777777778 0.8717829674540563
16.305555555555557 0.8716837103100009
16.333333333333332 0.8715844786407639
16.36111111111111 0.8714852708324128
16.38888888888889 0.8713860852875231
16.416666666666668 0.8712869204250314
16.444444444444443 0.8711877746800879
16.47222222222222 0.8710886465039113
16.5 0.8709895343636455
16.52777777777778 0.8708904367422163
16.555555555555557 0.870791352138191
16.583333333333332 0.8706922790656372
16.61111111111111 0.8705932160539842
16.63888888888889 0.8704941616478862
16.666666666666668 0.8703951144070845
16.694444444444443 0.8702960729062743
16.72222222222222 0.870197035734968
16.75 0.8700980014973655
16.77777777777778 0.8699989688122189
16.805555555555557 0.8698999363127062
16.833333333333332 0.8698009026462986
16.86111111111111 0.8697018664746335
16.88888888888889 0.8696028264733886
16.916666666666668 0.8695037813321543
16.944444444444443 0.8694047297543094
16.97222222222222 0.8693056704568979
17.0 0.8692066021705059
17.02777777777778 0.869107523639141
17.055555555555557 0.8690084336201104
17.083333333333332 0.8689093308839028
17.11111111111111 0.868810214214069
17.13888888888889 0.8687110824071064
17.166666666666668 0.8686119342723408
17.194444444444443 0.8685127686318119
17.22222222222222 0.8684135843201607
17.25 0.8683143801845133
17.27777777777778 0.8682151550843716
17.305555555555557 0.8681159078915
17.333333333333332 0.8680166374898168
17.36111111111111 0.8679173427752848
17.38888888888889 0.8678180226558014
17.416666666666668 0.8677186760510939
17.444444444444443 0.8676193018926108
17.47222222222222 0.8675198991234183
17.5 0.8674204666980936
17.52777777777778 0.867321003582625
17.555555555555557 0.8672215087543049
17.583333333333332 0.8671219812016312
17.61111111111111 0.8670224199242057
17.63888888888889 0.8669228239326333
17.666666666666668 0.8668231922484245
17.694444444444443 0.8667235239038957
17.72222222222222 0.8666238179420732
17.75 0.8665240734165959
17.77777777777778 0.8664242893916198
17.805555555555557 0.8663244649417241
17.833333333333332 0.8662245991518156
17.86111111111111 0.866124691117038
17.88888888888889 0.8660247399426773
17.916666666666668 0.8659247447440725
17.944444444444443 0.865824704646523
17.97222222222222 0.8657246187851999
18.0 0.865624486305057
18.02777777777778 0.865524306360742
18.055555555555557 0.8654240781165095
18.083333333333332 0.8653238007461349
18.11111111111111 0.8652234734328259
18.13888888888889 0.8651230953691414
18.166666666666668 0.8650226657569029
18.194444444444443 0.8649221838071143
18.22222222222222 0.8648216487398767
18.25 0.8647210597843068
18.27777777777778 0.8646204161784561
18.305555555555557 0.8645197171692294
18.333333333333332 0.8644189620123051
18.36111111111111 0.8643181499720557
18.38888888888889 0.8642172803214688
18.416666666666668 0.8641163523420706
18.444444444444443 0.8640153653238463
18.47222222222222 0.8639143185651664
18.5 0.8638132113727078
18.52777777777778 0.863712043061381
18.555555555555557 0.8636108129542542
18.583333333333332 0.8635095203824796
18.61111111111111 0.8634081646852214
18.63888888888889 0.8633067452095804
18.666666666666668 0.863205261310525
18.694444444444443 0.863103712350818
18.72222222222222 0.8630020977009473
18.75 0.8629004167390537
18.77777777777778 0.8627986688508643
18.805555555555557 0.8626968534296205
18.833333333333332 0.8625949698760134
18.86111111111111 0.8624930175981121
18.88888888888889 0.8623909960113
18.916666666666668 0.8622889045382065
18.944444444444443 0.8621867426086419
18.97222222222222 0.8620845096595314
19.0 0.8619822051348524
19.02777777777778 0.8618798284855667
19.055555555555557 0.8617773791695602
19.083333333333332 0.8616748566515786
19.11111111111111 0.8615722604031659
19.13888888888889 0.8614695899026
19.166666666666668 0.8613668446348348
19.194444444444443 0.8612640240914355
19.22222222222222 0.8611611277705227
19.25 0.8610581551767086
19.27777777777778 0.8609551058210404
19.305555555555557 0.8608519792209403
19.333333333333332 0.8607487749001481
19.36111111111111 0.8606454923886628
19.38888888888889 0.8605421312226861
19.416666666666668 0.8604386909445649
19.444444444444443 0.860335171102736
19.47222222222222 0.8602315712516703
19.5 0.8601278909518163
19.52777777777778 0.8600241297695483
19.555555555555557 0.8599202872771083
19.583333333333332 0.8598163630525556
19.61111111111111 0.8597123566797126
19.63888888888889 0.8596082677481103
19.666666666666668 0.8595040958529383
19.694444444444443 0.8593998405949919
19.72222222222222 0.8592955015806204
19.75 0.8591910784216772
19.77777777777778 0.8590865707354675
19.805555555555557 0.8589819781446999
19.833333333333332 0.8588773002774366
19.86111111111111 0.8587725367670429
19.88888888888889 0.8586676872521405
19.916666666666668 0.8585627513765567
19.944444444444443 0.8584577287892784
19.97222222222222 0.8583526191444044
20.0 0.8582474221010978
20.02777777777778 0.8581421373235391
20.055555555555557 0.8580367644808804
20.083333333333332 0.8579313032472003
20.11111111111111 0.8578257533014569
20.13888888888889 0.857720114327444
20.166666666666668 0.8576143860137463
20.194444444444443 0.8575085680536939
20.22222222222222 0.8574026601453207
20.25 0.8572966619913192
20.27777777777778 0.8571905732989981
20.305555555555557 0.8570843937802387
20.333333333333332 0.8569781231514546
20.36111111111111 0.8568717611335472
20.38888888888889 0.8567653074518662
20.416666666666668 0.8566587618361672
20.444444444444443 0.8565521240205712
20.47222222222222 0.8564453937435246
20.5 0.8563385707477575
20.52777777777778 0.8562316547802463
20.555555555555557 0.8561246455921714
20.583333333333332 0.856017542938881
20.61111111111111 0.8559103465798508
20.63888888888889 0.8558030562786452
20.666666666666668 0.85569567180288
20.694444444444443 0.8555881929241846
20.72222222222222 0.855480619418165
20.75 0.8553729510643654
20.77777777777778 0.8552651876462327
20.805555555555557 0.8551573289510798
20.833333333333332 0.8550493747700492
20.86111111111111 0.8549413248980771
20.88888888888889 0.8548331791338585
20.916666666666668 0.8547249372798122
20.944444444444443 0.8546165991420446
20.97222222222222 0.8545081645303165
21.0 0.854399633258009
21.02777777777778 0.8542910051420882
21.055555555555557 0.8541822800030724
21.083333333333332 0.8540734576649989
21.11111111111111 0.8539645379553911
21.13888888888889 0.853855520705225
21.166666666666668 0.8537464057488968
21.194444444444443 0.8536371929241927
21.22222222222222 0.8535278820722532
21.25 0.853418473037545
21.27777777777778 0.8533089656678278
21.305555555555557 0.8531993598141242
21.333333333333332 0.8530896553306877
21.36111111111111 0.8529798520749737
21.38888888888889 0.8528699499076082
21.416666666666668 0.852759948692358
21.444444444444443 0.852649848296101
21.47222222222222 0.8525396485887966
21.5 0.8524293494434578
21.52777777777778 0.8523189507361196
21.555555555555557 0.852208452345813
21.583333333333332 0.8520978541545351
21.61111111111111 0.8519871560472211
21.63888888888889 0.8518763579117166
21.666666666666668 0.8517654596387499
21.694444444444443 0.8516544611219046
21.72222222222222 0.8515433622575918
21.75 0.8514321629450236
21.77777777777778 0.8513208630861869
21.805555555555557 0.8512094625858165
21.833333333333332 0.8510979613513676
21.86111111111111 0.8509863592929916
21.88888888888889 0.8508746563235098
21.916666666666668 0.850762852358387
21.944444444444443 0.8506509473157069
21.97222222222222 0.8505389411161474
22.0 0.850426833682954
22.02777777777778 0.850314624941917
22.055555555555557 0.8502023148213466
22.083333333333332 0.8500899032520468
22.11111111111111 0.8499773901672946
22.13888888888889 0.8498647755028134
22.166666666666668 0.8497520591967503
22.194444444444443 0.8496392411896536
22.22222222222222 0.8495263214244481
22.25 0.8494132998464126
22.27777777777778 0.8493001764031586
22.305555555555557 0.8491869510446044
22.333333333333332 0.8490736237229565
22.36111111111111 0.8489601943926847
22.38888888888889 0.8488466630105006
22.416666666666668 0.8487330295353374
22.444444444444443 0.8486192939283255
22.47222222222222 0.8485054561527745
22.5 0.8483915161741481
22.52777777777778 0.8482774739600463
22.555555555555557 0.848163329480183
22.583333333333332 0.8480490827063653
22.61111111111111 0.8479347336124735
22.63888888888889 0.8478202821744402
22.666666666666668 0.8477057283702312
22.694444444444443 0.847591072179824
22.72222222222222 0.8474763135851898
22.75 0.8473614525702717
22.77777777777778 0.8472464891209677
22.805555555555557 0.8471314232251096
22.833333333333332 0.8470162548724439
22.86111111111111 0.8469009840546154
22.88888888888889 0.8467856107651446
22.916666666666668 0.8466701349994115
22.944444444444443 0.8465545567546375
22.97222222222222 0.8464388760298651
23.0 0.846323092825942
23.02777777777778 0.8462072071455013
23.055555555555557 0.8460912189929458
23.083333333333332 0.8459751283744272
23.11111111111111 0.8458589352978325
23.13888888888889 0.8457426397727626
23.166666666666668 0.8456262418105195
23.194444444444443 0.8455097414240856
23.22222222222222 0.8453931386281083
23.25 0.8452764334388833
23.27777777777778 0.8451596258743377
23.305555555555557 0.845042715954015
23.333333333333332 0.8449257036990557
23.36111111111111 0.8448085891321844
23.38888888888889 0.8446913722776923
23.416666666666668 0.8445740531614204
23.444444444444443 0.8444566318107466
23.47222222222222 0.8443391082545671
23.5 0.8442214825232822
23.52777777777778 0.8441037546487821
23.555555555555557 0.8439859246644295
23.583333333333332 0.8438679926050465
23.61111111111111 0.8437499585068987
23.63888888888889 0.8436318224076803
23.666666666666668 0.8435135843465005
23.694444444444443 0.8433952443638673
23.72222222222222 0.843276802501675
23.75 0.8431582588031888
23.77777777777778 0.8430396133130307
23.805555555555557 0.8429208660771659
23.833333333333332 0.842802017142888
23.86111111111111 0.8426830665588072
23.88888888888889 0.8425640143748345
23.916666666666668 0.8424448606421696
23.944444444444443 0.8423256054132865
23.97222222222222 0.8422062487419207
24.0 0.8420867906830573
