0.0 12.500000000000005
0.5 8.20728410980085
1.0 5.096938064114245
1.5 2.7392510548013296
2.0 1.2931467761337192
2.5 0.5903841653855783
3.0 0.3191240738028663
3.5 0.26198287095472794
4.0 0.2602680715987866
4.5 0.20906250143802219
5.0 0.24551350405551625
5.5 0.20818498573762184
6.0 0.22842235135183098
6.5 0.20560985242344082
7.0 0.22439449061819308
7.5 0.20487834343941563
8.0 0.22413995840862647
8.5 0.20503680282047504
9.0 0.22476821471771247
9.5 0.20576558894142932
10.0 0.22565289017541879
10.5 0.20657457216335987
11.0 0.2265776024362493
11.5 0.2073788044541037
12.0 0.2275208318660522
12.5 0.20821768339238333
13.0 0.2284660403701826
13.5 0.20903554553847498
14.0 0.2294132485150075
14.5 0.2098549417361744
15.0 0.23036758678395836
15.5 0.21067824590115214
16.0 0.23133016979870197
16.5 0.2115104899334755
17.0 0.23229892916382935
17.5 0.21234868614222177
18.0 0.23327609571961244
18.5 0.21319623300885196
19.0 0.23426098084848837
19.5 0.2140499096978396
20.0 0.235253590199068
20.5 0.21491148296242235
21.0 0.2362545998088827
21.5 0.21578192093696497
22.0 0.23726407856290072
