0.0 12.499999999999995
0.5 8.14097641752815
1.0 6.188130406607524
1.5 4.679045077923209
2.0 3.59102971198471
2.5 2.8505005965883305
3.0 2.3719789604280126
3.5 2.075249389654901
4.0 1.8956236405873543
4.5 1.7878416559562456
5.0 1.7234091430750444
5.5 1.6852518143412838
6.0 1.6632048857332626
6.5 1.651135917740232
7.0 1.645281319716687
7.5 1.6433014161980575
8.0 1.643731761881529
8.5 1.6456538088497288
9.0 1.6484918496775116
9.5 1.6518858415471755
10.0 1.6556112300521446
10.5 1.659528353189573
11.0 1.6635505728646303
11.5 1.667624265871865
12.0 1.6717163062295937
12.5 1.6758062625015138
13.0 1.6798815511042386
13.5 1.6839344357470298
14.0 1.6879601756945402
14.5 1.6919558864925177
15.0 1.6959198410920775
15.5 1.6998510423096904
16.0 1.7037489618894621
16.5 1.7076133814760874
17.0 1.7114442956564422
17.5 1.7152418526074205
18.0 1.7190063173821895
18.5 1.722738048714238
19.0 1.7264374838105436
19.5 1.7301051278058965
20.0 1.7337415458944985
20.5 1.7373473569728557
21.0 1.740923228123009
21.5 1.7444698695627667
22.0 1.7479880298665689
