0.0 12.5
0.5 8.398168478465358
1.0 6.40328540545353
1.5 4.886387057805457
2.0 3.8036337984170587
2.5 3.0589282142464143
3.0 2.563315065735914
3.5 2.242596413302434
4.0 2.039369390865468
4.5 1.9125189268983942
5.0 1.83432888028298
5.5 1.7868158987258018
6.0 1.7585492295720353
6.5 1.7423347177171693
7.0 1.7336642039490275
7.5 1.7297174294228894
8.0 1.7287308696572563
8.5 1.7296016637286133
9.0 1.7316398577482452
9.5 1.7344136020047325
10.0 1.7376524496233214
10.5 1.7411869377534865
11.0 1.7449108225372132
11.5 1.7487574616422523
12.0 1.75268503581397
12.5 1.7566672956852825
13.0 1.7606877644182364
13.5 1.764736103158373
14.0 1.7688058309315213
14.5 1.7728928932966126
15.0 1.776994763216012
15.5 1.7811098758757704
16.0 1.785237273187587
16.5 1.7893763800336757
17.0 1.7935268633404962
17.5 1.7976885432628291
18.0 1.8018613371738639
18.5 1.8060452243219658
19.0 1.8102402235153439
19.5 1.8144463790247147
20.0 1.8186637516732578
20.5 1.8228924132030508
21.0 1.8271324427123685
21.5 1.831383924402729
22.0 1.8356469461548433
