0.0 12.499999999999995
0.5 7.698009360480627
1.0 4.65082478794445
1.5 2.3055777461851172
2.0 0.9329891715298984
2.5 0.4085196903765822
3.0 0.23324558970476367
3.5 0.11735278206597535
4.0 0.046680233082649764
4.5 0.06650614095831969
5.0 0.0163622686813632
5.5 0.047835041130424846
6.0 0.02525877779663399
6.5 0.047320446709975914
7.0 0.02850478446563512
7.5 0.0483172983831001
8.0 0.029501730253832376
8.5 0.0491200465849987
9.0 0.029936362405473774
9.5 0.04950270072819975
10.0 0.030187575644977108
10.5 0.04984312672497801
11.0 0.030420849143807563
11.5 0.05020323197549023
12.0 0.03064732071298426
12.5 0.050538991838568095
13.0 0.030881519536759938
13.5 0.05090525335531258
14.0 0.031123152908124785
14.5 0.051279442913264056
15.0 0.03136718275918582
15.5 0.05165933312105103
16.0 0.03161266730477637
16.5 0.052040078585564475
17.0 0.031861869380695546
17.5 0.052424866782064955
18.0 0.03211276212116239
18.5 0.05281050689529529
19.0 0.03236624530268242
19.5 0.053200434350558615
20.0 0.032622531298270155
20.5 0.05359310387814298
21.0 0.032881169059409965
21.5 0.053987775888215364
22.0 0.03314232185437638
