0.0 12.499999999999995
0.5 7.83928625087202
1.0 5.133992510513597
1.5 3.027349269439976
2.0 1.6603430709586036
2.5 0.9571246065078793
3.0 0.6668873881666461
3.5 0.5179810758681155
4.0 0.44552285058349406
4.5 0.41241066734974585
5.0 0.3954412727511419
5.5 0.38899267968714024
6.0 0.3841710305564147
6.5 0.3832582393636428
7.0 0.3819074888511122
7.5 0.3820427951215078
8.0 0.38107786314575237
8.5 0.3814105602511209
9.0 0.37911186319909895
9.5 0.37947365563786034
10.0 0.3759749520615729
10.5 0.3759109045708745
11.0 0.3716350163466438
11.5 0.3704721849796557
12.0 0.36627643388676656
12.5 0.36359214400207823
13.0 0.3600475230018399
13.5 0.3554285469415298
14.0 0.35311346887163797
14.5 0.346616239399601
15.0 0.3461214411663573
15.5 0.33768535923253806
16.0 0.33937283479184926
16.5 0.32873873625863625
17.0 0.33298317585478227
17.5 0.3205007100914336
18.0 0.3271576011416296
18.5 0.313275345701081
19.0 0.32198245361241984
19.5 0.3070867379442046
20.0 0.3175057411247494
20.5 0.30205011126513504
21.0 0.3138752208754434
21.5 0.2983864737771093
22.0 0.31128966677572545
