0.0 12.500000000000005
0.5 8.345948931596839
1.0 5.569977723975702
1.5 3.455992510972429
2.0 2.052566617009133
2.5 1.218490033164847
3.0 0.7809291190487971
3.5 0.6031301543596571
4.0 0.5262201754848141
4.5 0.48958323614246124
5.0 0.47390479382173806
5.5 0.46544404988369203
6.0 0.4639612925244249
6.5 0.4627776656162921
7.0 0.4641001007973385
7.5 0.4649571150665776
8.0 0.4674206487978981
8.5 0.4688398003101429
9.0 0.4730189743108597
9.5 0.4746048721907727
10.0 0.48008820604021035
10.5 0.48215890775134296
11.0 0.48845613751884426
11.5 0.4916514046466126
12.0 0.49788894306309306
12.5 0.5026235447389757
13.0 0.5082266284668865
13.5 0.514912069775466
14.0 0.5193015792804678
14.5 0.5278812261636874
15.0 0.530466475979137
15.5 0.5410011065336089
16.0 0.541420347368861
16.5 0.5541694053049976
17.0 0.5520482461890155
17.5 0.5666623935948335
18.0 0.5621456670529681
18.5 0.5781766530012313
19.0 0.5716269260761117
19.5 0.5886887590013623
20.0 0.580444696447738
20.5 0.5980841787166069
21.0 0.5884519230369355
21.5 0.6061426166695476
22.0 0.5954505552527131
