0.0 12.5
0.5 8.09261759123443
1.0 5.3519851172446495
1.5 3.2416708902062026
2.0 1.8564548439838682
2.5 1.0878073198363631
3.0 0.7239082536077216
3.5 0.5605556151138863
4.0 0.4858715130341541
4.5 0.45099695174610355
5.0 0.43467303328643997
5.5 0.42721836478541614
6.0 0.4240661615404198
6.5 0.42301795248996743
7.0 0.42300379482422534
7.5 0.4234999550940427
8.0 0.4242492559718252
8.5 0.4251251802806319
9.0 0.42606541875497933
9.5 0.4270392639143165
10.0 0.4280315790508916
10.5 0.42903490616110873
11.0 0.43004557693274403
11.5 0.43106179481313417
12.0 0.4320826884749298
12.5 0.43310784437052696
13.0 0.4341370757343632
13.5 0.4351703083584979
14.0 0.4362075240760529
14.5 0.43724873278164417
15.0 0.4382939585727471
15.5 0.4393432328830735
16.0 0.44039659108035517
16.5 0.4414540707818169
17.0 0.44251571102189885
17.5 0.4435815518431336
18.0 0.44465163409729885
18.5 0.44572599935115614
19.0 0.44680468984426575
19.5 0.44788774847278345
20.0 0.4489752187862437
20.5 0.45006714499087097
21.0 0.45116357195618945
21.5 0.45226454522332843
22.0 0.45337011101421926
