0.0 12.500000000000005
0.5 8.655360539402567
1.0 6.618440404299536
1.5 5.093729037687706
2.0 4.016237884849407
2.5 3.267355831904498
3.0 2.754651171043815
3.5 2.4099434369499666
4.0 2.183115141143582
4.5 2.037196197840543
5.0 1.9452486174909156
5.5 1.8883799831103198
6.0 1.853893573410808
6.5 1.8335335176941066
7.0 1.8220470881813682
7.5 1.8161334426477214
8.0 1.8137299774329836
8.5 1.813549518607498
9.0 1.8147878658189789
9.5 1.8169413624622894
10.0 1.8196936691944983
10.5 1.8228455223174
11.0 1.8262710722097961
11.5 1.8298906574126397
12.0 1.8336537653983465
12.5 1.8375283288690512
13.0 1.841493977732234
13.5 1.8455377705697162
14.0 1.8496514861685025
14.5 1.8538299001007075
15.0 1.8580696853399463
15.5 1.8623687094418504
16.0 1.8667255844857118
16.5 1.871139378591264
17.0 1.8756094310245501
17.5 1.8801352339182378
18.0 1.8847163569655383
18.5 1.8893523999296935
19.0 1.894042963220144
19.5 1.898787630243533
20.0 1.903585957452017
20.5 1.908437469433246
21.0 1.9133416573017281
21.5 1.9182979792426913
22.0 1.9233058624431176
