0.0 12.5
0.5 7.952646735140738
1.0 4.873881426029348
1.5 2.5224144004932234
2.0 1.1130679738318088
2.5 0.4994519278810802
3.0 0.276184831753815
3.5 0.18966782651035166
4.0 0.15347415234071818
4.5 0.13778432119817094
5.0 0.13093788636843973
5.5 0.12801001343402335
6.0 0.12684056457423248
6.5 0.12646514956670837
7.0 0.1264496375419141
7.5 0.12659782091125787
8.0 0.12682084433122942
8.5 0.12707842470273686
9.0 0.1273522885615931
9.5 0.12763414483481453
10.0 0.12792023291019794
10.5 0.12820884944416894
11.0 0.12849922579002843
11.5 0.12879101821479697
12.0 0.12908407628951823
12.5 0.1293783376154757
13.0 0.12967377995347126
13.5 0.1299703994468938
14.0 0.13026820071156614
14.5 0.13056719232471922
15.0 0.1308673847715721
15.5 0.13116878951110159
16.0 0.13147141855173916
16.5 0.13177528425951998
17.0 0.13208039927226245
17.5 0.13238677646214336
18.0 0.1326944289203874
18.5 0.13300336995207362
19.0 0.1333136130755854
19.5 0.1336251720241991
20.0 0.13393806074866907
20.5 0.13425229342028266
21.0 0.13456788443414633
21.5 0.13488484841259016
22.0 0.13520320020863855
