0.0 12.5
0.5 8.779840526064595
1.0 6.222721712248915
1.5 4.077262592235315
2.0 2.4163748691832168
2.5 1.2573368140370276
3.0 0.6010110219326859
3.5 0.37553761608186353
4.0 0.2871458566968462
4.5 0.24033718748236835
5.0 0.22328492952969814
5.5 0.21022181246360871
6.0 0.2108461103399249
6.5 0.20663513630109226
7.0 0.2125624099963506
7.5 0.21114127739964803
8.0 0.21849815349031124
8.5 0.21848675751951097
9.0 0.22578104331493093
9.5 0.22698951103333903
10.0 0.23364585228730272
10.5 0.2360174368203573
11.0 0.24195155431306706
11.5 0.24530479710454567
12.0 0.25069200312304174
12.5 0.25476054736302967
13.0 0.2598507241396797
13.5 0.26438594802548804
14.0 0.26938698123286164
14.5 0.2742168270544345
15.0 0.2792573161946426
15.5 0.28428789381510483
16.0 0.2894306121451816
16.5 0.2946201024915919
17.0 0.29988945681933404
17.5 0.3052219571896751
18.0 0.31062496837561543
18.5 0.3160945503152689
19.0 0.3216317276012474
19.5 0.3272353045879322
20.0 0.3329049070964616
20.5 0.338639744797715
21.0 0.3444390922223398
21.5 0.35030210818613855
22.0 0.3562278997406463
