0.0 12.500000000000005
0.5 9.025039682716201
1.0 6.426649758017664
1.5 4.274305052279843
2.0 2.613251324735716
2.5 1.4473160164730747
3.0 0.7872555867881483
3.5 0.5042709013917754
4.0 0.39839683755034205
4.5 0.3477635872861614
5.0 0.3283850919591318
5.5 0.3153690153077211
6.0 0.3165654923453346
6.5 0.3158065048541946
7.0 0.3228307895308181
7.5 0.3263052954211915
8.0 0.3344140651525423
8.5 0.3393890751426144
9.0 0.3465547859042001
9.5 0.35209126369236576
10.0 0.3572865890736841
10.5 0.3630346694664294
11.0 0.36576244791663604
11.5 0.3717471604908626
12.0 0.37209412360127714
12.5 0.378434381204297
13.0 0.3769630852500179
13.5 0.38375954299950576
14.0 0.3812750045276634
14.5 0.38854451309031135
15.0 0.38592251952064655
15.5 0.39345959311356304
16.0 0.39140658965798203
16.5 0.39897966894727904
17.0 0.3980127188640125
17.5 0.40542878361143375
18.0 0.40586234716623654
18.5 0.412968641443577
19.0 0.41497074838429904
19.5 0.42172777314416604
20.0 0.4253346176033373
20.5 0.43171927418333855
21.0 0.43684410736042667
21.5 0.442843646072892
22.0 0.4492906241746614
