0.0 12.500000000000005
0.5 9.187191927506115
1.0 6.823372569311339
1.5 4.894150634990323
2.0 3.4015014366251957
2.5 2.3080680952191663
3.0 1.5759614112250848
3.5 1.158168244228295
4.0 0.9535601101517828
4.5 0.8466927670015882
5.0 0.7941516748204821
5.5 0.7668388636201409
6.0 0.7584244259552101
6.5 0.7556713272860252
7.0 0.7629793005761563
7.5 0.7691999272973988
8.0 0.781430405070886
8.5 0.7909789559291612
9.0 0.806029906017992
9.5 0.8175860480145877
10.0 0.8336729021339437
10.5 0.8464768588128491
11.0 0.8627214123284365
11.5 0.8765006176456454
12.0 0.892505910566022
12.5 0.9070031350889858
13.0 0.9228952566884534
13.5 0.9379270349053144
14.0 0.9536269479582674
14.5 0.9690768629884536
15.0 0.9848260837267838
15.5 1.0005104182740467
16.0 1.0164013404989756
16.5 1.0323202337381596
17.0 1.0483762467790803
17.5 1.064517751745873
18.0 1.0807680619118554
18.5 1.097124304390603
19.0 1.1135911943224803
19.5 1.1301711770539986
20.0 1.146867027237248
20.5 1.1636812012490139
21.0 1.1806158106507405
21.5 1.197672488760495
22.0 1.2148522917898914
