0.0 12.500000000000005
0.5 9.658530627653281
1.0 7.967340295134296
1.5 6.671375682937566
2.0 5.6921846763391555
2.5 4.964884069925739
3.0 4.432705317534646
3.5 4.050297968835748
4.0 3.781781198490163
4.5 3.5988546287632106
5.0 3.479457706837722
5.5 3.4067044349554827
6.0 3.367921492488835
6.5 3.353760443197372
7.0 3.3574155144493094
7.5 3.3739755757729895
8.0 3.3999150163981007
8.5 3.432708907683545
9.0 3.4705493899454574
9.5 3.5121397802244294
10.0 3.5565462658867575
10.5 3.6030914337760223
11.0 3.65127795114107
11.5 3.700734003828201
12.0 3.751174555499644
12.5 3.802374221037975
13.0 3.8541487027522283
13.5 3.906342488055903
14.0 3.958821009538497
14.5 4.011465845509542
15.0 4.064171863379395
15.5 4.116845503676528
16.0 4.169403662992273
16.5 4.221772845434776
17.0 4.273888406546299
17.5 4.325693814053579
18.0 4.377139906898055
18.5 4.428184160915424
19.0 4.4787899781825375
19.5 4.528926016250143
20.0 4.578565568873817
20.5 4.627686004563731
21.0 4.67626826473519
21.5 4.724296419918385
22.0 4.771757280350841
