0.0 12.5
0.5 8.942011522349313
1.0 6.622149178092086
1.5 4.701634807680029
2.0 3.2089558973242274
2.5 2.127665723037357
3.0 1.4128137372703864
3.5 1.0004404437608394
4.0 0.795436878788945
4.5 0.696889864414654
5.0 0.648458364492818
5.5 0.6266592604421867
6.0 0.6193200899756394
6.5 0.6203494344749981
7.0 0.6262753493258112
7.5 0.6351835812563047
8.0 0.6459433550427732
8.5 0.6579003427945423
9.0 0.6706626832839108
9.5 0.6839971716968123
10.0 0.6977624288154248
10.5 0.711872281788018
11.0 0.7262732811801708
11.5 0.7409316201516222
12.0 0.7558252255700166
12.5 0.770939032428436
13.0 0.786262124793562
13.5 0.8017860056238633
14.0 0.8175035447062067
14.5 0.8334083379865419
15.0 0.8494943172667698
15.5 0.8657555132322519
16.0 0.8821859129452686
16.5 0.8987793759655555
17.0 0.9155295871690377
17.5 0.9324300327783157
18.0 0.949473991260328
18.5 0.9666545338899278
19.0 0.983964531706404
19.5 1.0013966667770027
20.0 1.0189434464147054
20.5 1.0365972194520576
21.0 1.0543501939557902
21.5 1.0721944559441234
22.0 1.090121988780441
