0.0 12.499999999999995
0.5 8.696831117192511
1.0 6.420925786872833
1.5 4.509118980369735
2.0 3.016410358023259
2.5 1.9472633508555477
3.0 1.249666063315688
3.5 0.8427126432933838
4.0 0.6373136474261072
4.5 0.5470869618277197
5.0 0.5027650541651539
5.5 0.4864796572642325
6.0 0.48021575399606864
6.5 0.48502754166397105
7.0 0.4895713980754662
7.5 0.5011672352152106
8.0 0.5104563050146604
8.5 0.5248217296599235
9.0 0.5352954605498296
9.5 0.5504082953790369
10.0 0.5618519554969059
10.5 0.5772677047631869
11.0 0.589825150031905
11.5 0.605362622657599
12.0 0.6191445405740112
12.5 0.6348749297678862
13.0 0.6496289928986705
13.5 0.6656449763424122
14.0 0.6813801414541459
14.5 0.6977398129846302
15.0 0.7141625508067558
15.5 0.7310006081904571
16.0 0.7479704853915616
16.5 0.7652385181929512
17.0 0.7826829275589952
17.5 0.8003423138107584
18.0 0.8181799206088007
18.5 0.8361847633892526
19.0 0.8543378690903276
19.5 0.8726221565000067
20.0 0.8910198655921627
20.5 0.9095132376551014
21.0 0.9280845772608399
21.5 0.9467164231277518
22.0 0.9653916857709907
