0.0 12.499999999999995
0.5 8.534641369412988
1.0 6.018793666480166
1.5 3.8802201321907877
2.0 2.2194984136307174
2.5 1.0673576116009804
3.0 0.41476645707722337
3.5 0.24680433077195169
4.0 0.17589487584335042
4.5 0.1329107876785753
5.0 0.11818476710026447
5.5 0.10507460961949634
6.0 0.10512672833451521
6.5 0.09746376774798994
7.0 0.10229403046188304
7.5 0.09597725937810454
8.0 0.10258224182808019
8.5 0.0975844398964075
9.0 0.10500730072566178
9.5 0.1018877583743123
10.0 0.11000511550092135
10.5 0.10900020417428519
11.0 0.1181406607094981
11.5 0.11886243371822874
12.0 0.12928988264480634
12.5 0.13108671352176232
13.0 0.14273836302934145
13.5 0.1450123530514703
14.0 0.1574989579380599
14.5 0.1598891410185577
15.0 0.17259211286863868
15.5 0.1751161945166466
16.0 0.1874546346323812
16.5 0.1902605360359047
17.0 0.20176619477465557
17.5 0.20501513076791644
18.0 0.21538758958499432
18.5 0.21922045918696081
19.0 0.2282927068181958
19.5 0.23274283603169837
20.0 0.24047519658958588
20.5 0.2455602154120915
21.0 0.25203407708425296
21.5 0.2577605702993851
22.0 0.26316517530663114
