0.0 12.5
0.5 9.405408654886363
1.0 7.764098923497617
1.5 6.493636448292029
2.0 5.5186248070303465
2.5 4.790933902824518
3.0 4.260769142319998
3.5 3.8832334969084648
4.0 3.6210117423943573
4.5 3.4445030828073833
5.0 3.3309767141225173
5.5 3.2633919550263983
6.0 3.2291849196744726
6.5 3.219186103919913
7.0 3.226737396371091
7.5 3.247011904078865
8.0 3.276507969787799
8.5 3.3126801310037655
9.0 3.3536726712002043
9.5 3.3981280756731076
10.0 3.445049472912154
10.5 3.4937017627660207
11.0 3.543540421002067
11.5 3.5941601128889418
12.0 3.645257507885383
12.5 3.6966042976344844
13.0 3.748027563178736
13.5 3.799395449494997
14.0 3.850606682916781
14.5 3.901582878426975
15.0 3.952262877625791
15.5 4.002598568564865
16.0 4.052551789685829
16.5 4.102092028838475
17.0 4.1511947068406885
17.5 4.199839891843478
18.0 4.248011331976981
18.5 4.295695723730159
19.0 4.342882155373911
19.5 4.389561680711441
20.0 4.435726990140573
20.5 4.481372154602239
21.0 4.526492424307884
21.5 4.571084068796001
22.0 4.61514424830745
