0.0 12.499999999999995
0.5 9.152286682119446
1.0 7.560857551860938
1.5 6.315897213646491
2.0 5.345064937721538
2.5 4.616983735723298
3.0 4.0888329671053505
3.5 3.7161690249811814
4.0 3.4602422862985516
4.5 3.290151536851556
5.0 3.1824957214073124
5.5 3.120079475097314
6.0 3.0904483468601103
6.5 3.0846117646424536
7.0 3.0960592782928726
7.5 3.120048232384741
8.0 3.1531009231774974
8.5 3.192651354323986
9.0 3.236795952454951
9.5 3.284116371121786
10.0 3.3335526799375503
10.5 3.384312091756019
11.0 3.4358028908630645
11.5 3.4875862219496825
12.0 3.5393404602711223
12.5 3.590834374230994
13.0 3.641906423605244
13.5 3.692448410934091
14.0 3.7423923562950647
14.5 3.7916999113444083
15.0 3.840353891872187
15.5 3.888351633453203
16.0 3.9356999163793858
16.5 3.982411212242173
17.0 4.028501007135078
17.5 4.073985969633378
18.0 4.118882757055907
18.5 4.1632072865448935
19.0 4.206974332565285
19.5 4.250197345172738
20.0 4.292888411407329
20.5 4.3350583046407465
21.0 4.376716583880579
21.5 4.417871717673616
22.0 4.458531216264059
