0.0 18.50000000000001
0.5 16.413829303961826
1.0 11.870926769667669
1.5 8.5225309594375
2.0 6.320357078312849
2.5 4.926125761857769
3.0 4.060870164766826
3.5 3.5326887077281133
4.0 3.2158851057077817
4.5 3.0299419071550378
5.0 2.924206847246061
5.5 2.8673012532153925
6.0 2.8399865805345414
6.5 2.8305296904747035
7.0 2.831782739749151
7.5 2.8393867789739633
8.0 2.8506754628842894
8.5 2.8640158953669217
9.0 2.8784055115237868
9.5 2.893232852467878
10.0 2.9081226649354734
10.5 2.9228542888641464
11.0 2.937295020997054
11.5 2.951376450562032
12.0 2.9650620573762425
12.5 2.9783421892006587
13.0 2.9912191626639966
13.5 3.003704458891228
14.0 3.0158142885926913
14.5 3.0275668292086513
15.0 3.038982656754547
15.5 3.050080890661578
16.0 3.0608821961618293
16.5 3.0714048399169385
17.0 3.081667856930997
