0.0 18.50000000000001
0.5 17.621408743716728
1.0 13.754576297710816
1.5 10.835494943364276
2.0 8.889008346209499
2.5 7.633690687248989
3.0 6.833814103247861
3.5 6.327238877481081
4.0 6.007522215279413
4.5 5.805944669092797
5.0 5.678689398278926
5.5 5.598084638013417
6.0 5.546748412270423
6.5 5.5137847340056885
7.0 5.492365209856472
7.5 5.478208399093899
8.0 5.468627778636377
8.5 5.461936292989118
9.0 5.457073776003242
9.5 5.453373606812306
10.0 5.450416411408288
10.5 5.447938244552735
11.0 5.445772911335201
11.5 5.4438157065402315
12.0 5.442000604291485
12.5 5.440285901718692
13.0 5.438645180154256
13.5 5.437061613032143
14.0 5.435524381162138
14.5 5.4340264155601865
15.0 5.432562976901803
15.5 5.431130762402504
16.0 5.429727345317595
16.5 5.428350824280013
17.0 5.426999605061473
