0.0 18.49999999999999
0.5 16.72203487206763
1.0 12.530901242203212
1.5 9.351481259050177
2.0 7.241150260354247
2.5 5.892152939518185
3.0 5.038188305037111
3.5 4.49791813660662
4.0 4.15530396943197
4.5 3.9374214051300855
5.0 3.798514577983892
5.5 3.709735734068164
6.0 3.652803662138184
6.5 3.6160985502798813
7.0 3.592227417656439
7.5 3.5764875357938886
8.0 3.565889668405177
8.5 3.558535428542017
9.0 3.5532202301466924
9.5 3.5491802937340804
10.0 3.545931633176922
10.5 3.5431677104481256
11.0 3.540694457298348
11.5 3.538389062845257
12.0 3.5361738570691714
12.5 3.5339997724059926
13.0 3.5318358767874103
13.5 3.5296627522936217
14.0 3.527468307977818
14.5 3.525245132558833
15.0 3.5229888207057223
15.5 3.5206969145341187
16.0 3.518368233607284
16.5 3.5160024500895948
17.0 3.5135998184481165
