0.0 18.50000000000001
0.5 16.636114591312662
1.0 12.445563503593952
1.5 9.384477599649392
2.0 7.385375108649995
2.5 6.129083007479911
3.0 5.356252128081822
3.5 4.8899660883153455
4.0 4.615442399704832
4.5 4.459747744272662
5.0 4.377097222492052
5.5 4.33896912760928
6.0 4.327686516394929
6.5 4.332323074161955
7.0 4.3461495678006985
7.5 4.365031698053585
8.0 4.3864472785902
8.5 4.408873289720652
9.0 4.431404182570112
9.5 4.453516159128409
10.0 4.474923881754591
10.5 4.495482999563773
11.0 4.515141360831693
11.5 4.53389415522295
12.0 4.551772597062514
12.5 4.568819567946415
13.0 4.58509091792301
13.5 4.600641902805092
14.0 4.615530467312446
14.5 4.629810737936769
15.0 4.643535686595434
15.5 4.6567531818117365
16.0 4.669508852878936
16.5 4.6818433384340015
17.0 4.693795080090542
