0.0 18.5
0.5 16.377585017340547
1.0 12.19369557209897
1.5 9.141730569585206
2.0 7.159218480974061
2.5 5.923228986466723
3.0 5.1696797346687555
3.5 4.7193031098324445
4.0 4.456821918197865
4.5 4.309742923670886
5.0 4.23301907289472
5.5 4.198849740265867
6.0 4.19014661935079
6.5 4.196435514296761
7.0 4.211314947853498
7.5 4.230888380084016
8.0 4.252798870996478
8.5 4.275634904412382
9.0 4.298564600909784
9.5 4.321110485115405
10.0 4.3430108060578805
10.5 4.364134194105367
11.0 4.384427204629588
11.5 4.403882146174738
12.0 4.422517420077489
12.5 4.440365573565151
13.0 4.457466103168524
13.5 4.473861177941445
14.0 4.489593151747966
14.5 4.504703166476493
15.0 4.519230415586178
15.5 4.533211802886561
16.0 4.546681833807891
16.5 4.559672639691497
17.0 4.572214074699862
