0.0 18.5
0.5 16.969389961348174
1.0 12.73500633638589
1.5 9.534072592598472
2.0 7.402751902232741
2.5 6.032876044892225
3.0 5.161744747662818
3.5 4.60950031794597
4.0 4.259623933663002
4.5 4.037841452539406
5.0 3.897053525260746
5.5 3.807451757383127
6.0 3.7501878509860767
6.5 3.713349445692924
7.0 3.689409902349318
7.5 3.6736144891148084
8.0 3.6629599277324467
8.5 3.6555494228014775
9.0 3.650185121570519
9.5 3.6461106435353305
10.0 3.642848437724683
10.5 3.640097050591258
11.0 3.63766624012972
11.5 3.635435995917899
12.0 3.633330658588364
12.5 3.6313025758781357
13.0 3.6293217815619423
13.5 3.627369478013269
14.0 3.6254339207723234
14.5 3.6235078199331285
15.0 3.6215866993351598
15.5 3.6196678605436636
16.0 3.6177497286986
16.5 3.6158314394692943
17.0 3.6139125782333834
