0.0 18.49999999999999
0.5 16.966167516807452
1.0 13.142763782101085
1.5 10.241605051957155
2.0 8.312209350574703
2.5 7.076217539428043
3.0 6.292612569070976
3.5 5.796958476019875
4.0 5.483544147196617
4.5 5.285422164814383
5.0 5.160275713927431
5.5 5.081323854540391
6.0 5.031596829616461
6.5 5.000335666891555
7.0 4.980719292535292
7.5 4.968425067640838
8.0 4.96071552358477
8.5 4.955858573058658
9.0 4.952759454473606
9.5 4.950727191558608
10.0 4.949326498092069
10.5 4.948283928872271
11.0 4.947428445514534
11.5 4.946653799552911
12.0 4.945894742619962
12.5 4.945112012979138
13.0 4.944282670341267
13.5 4.943394274797355
14.0 4.942440879532433
14.5 4.941420604582926
15.0 4.940334517599996
15.5 4.939184905522168
16.0 4.937975559190503
16.5 4.93671061284016
17.0 4.935394441199967
