0.0 18.49999999999999
0.5 16.11905544336843
1.0 11.94182764060399
1.5 8.898983539521021
2.0 6.933061853298127
2.5 5.717374965453535
3.0 4.983107341255689
3.5 4.5486401313495435
4.0 4.298201436690898
4.5 4.1597381030691105
5.0 4.088940923297388
5.5 4.0587303529224545
6.0 4.05260672230665
6.5 4.060547954431566
7.0 4.076480327906297
7.5 4.096745062114447
8.0 4.119150463402756
8.5 4.142396519104111
9.0 4.165725019249456
9.5 4.188704811102401
10.0 4.21109773036117
10.5 4.2327853886469615
11.0 4.253713048427482
11.5 4.273870137126527
12.0 4.293262243092465
12.5 4.311911579183887
13.0 4.329841288414038
13.5 4.347080453077798
14.0 4.3636558361834865
14.5 4.379595595016218
15.0 4.394925144576923
15.5 4.409670423961386
16.0 4.4238548147368455
16.5 4.437501940948993
17.0 4.450633069309182
