0.0 18.49999999999999
0.5 15.874512559361376
1.0 11.325346598034162
1.5 7.986807256959345
2.0 5.818399764987825
2.5 4.470907669051382
3.0 3.653710850284845
3.5 3.1684209383547794
4.0 2.8869891149421245
4.5 2.7290041890683843
5.0 2.6449733453300666
5.5 2.6048460668621582
6.0 2.5905159934902247
6.5 2.591118535800663
7.0 2.6001597172759268
7.5 2.6137776838333475
8.0 2.6296966398867663
8.5 2.64659052341688
9.0 2.663702765247982
9.5 2.680611435778512
10.0 2.697096944029653
10.5 2.7130495012838707
11.0 2.728430094503595
11.5 2.7432300306136934
12.0 2.757464447605052
12.5 2.7711537828255035
13.0 2.7843244465617647
13.5 2.797003076955047
14.0 2.8092158780232963
14.5 2.8209883835772134
15.0 2.832343298591177
15.5 2.843303396176084
16.0 2.8538880185909585
16.5 2.8641167995565735
17.0 2.8740064360709963
