0.0 18.5
0.5 17.217636128848213
1.0 13.346665512696896
1.5 10.424019356245163
2.0 8.4801691908425
2.5 7.2321159441223015
3.0 6.439396838453832
3.5 5.9375065988801055
4.0 5.619943602327824
4.5 5.418890514278442
5.0 5.291402447016335
5.5 5.210343337941668
6.0 5.158583050394312
6.5 5.125313194023159
7.0 5.103715987219187
7.5 5.089491560500239
8.0 5.079928327634575
8.5 5.0733164225183955
9.0 5.068577692748489
9.5 5.065032334373888
10.0 5.062251721876036
10.5 5.0599656029532945
11.0 5.058003578664781
11.5 5.056258204255863
12.0 5.054661723501594
12.5 5.053171399700968
13.0 5.051760267135728
13.5 5.050411300210222
14.0 5.049113737434056
14.5 5.04786076399804
15.0 5.04664805090188
15.5 5.045472834099864
16.0 5.04433333409651
16.5 5.043228390171202
17.0 5.042157229907486
