0.0 18.5
0.5 17.37391690730567
1.0 13.564077653085135
1.5 10.675939283425773
2.0 8.751971828147074
2.5 7.514889979301561
3.0 6.7277236114214665
3.5 6.228220309300431
4.0 5.911302076066992
4.5 5.710006594597591
5.0 5.581870804714694
5.5 5.500010636228798
6.0 5.447415251338483
6.5 5.413323737599435
7.0 5.390929698769187
7.5 5.375928365021854
8.0 5.365597322387796
8.5 5.358214979419399
9.0 5.352692725393229
9.5 5.348342271780273
10.0 5.344728503459783
10.5 5.341576415340603
11.0 5.3387122567218395
11.5 5.336026310454073
12.0 5.3334493546896775
12.5 5.330937777740638
13.0 5.328464165177608
13.5 5.326011347503461
14.0 5.323568636199176
14.5 5.3211294436046614
15.0 5.3186897778584905
15.5 5.31624729116201
16.0 5.313800677917158
16.5 5.311349294087561
17.0 5.308892916433588
