0.0 18.5
0.5 16.144170931661602
1.0 11.598136683850916
1.5 8.254669108198422
2.0 6.069378421650337
2.5 4.698516715454575
3.0 3.8572905075258355
3.5 3.3505548230414464
4.0 3.051437110324953
4.5 2.879473048111711
5.0 2.784590096288064
5.5 2.7360736600387754
6.0 2.715251287012383
6.5 2.7108241131376833
7.0 2.715971228512539
7.5 2.7265822314036554
8.0 2.740186051385528
8.5 2.7553032093919008
9.0 2.7710541383858844
9.5 2.786922144123195
10.0 2.802609804482563
10.5 2.8179518950740086
11.0 2.8328625577503246
11.5 2.8473032405878627
12.0 2.861263252490647
12.5 2.874747986013081
13.0 2.8877718046128806
13.5 2.9003537679231375
14.0 2.912515083307994
14.5 2.9242776063929323
15.0 2.935662977672862
15.5 2.946692143418831
16.0 2.957385107376394
16.5 2.967760819736756
17.0 2.9778371465009967
