0.0 18.49999999999999
0.5 17.126425070894612
1.0 13.373579008459455
1.5 10.51638362348727
2.0 8.614935310084649
2.5 7.396089271354133
3.0 6.621633119595072
3.5 6.129201741119781
4.0 5.815081936854571
4.5 5.614068520102384
5.0 5.485052211150463
5.5 5.401936634444179
6.0 5.3480820904065425
6.5 5.3128627411931815
7.0 5.289494187681902
7.5 5.273648330949809
8.0 5.262566866139214
8.5 5.25449366584968
9.0 5.248311674783216
9.5 5.243310936748239
10.0 5.239040595511279
10.5 5.23521458612847
11.0 5.231651602108478
11.5 5.228236914367914
12.0 5.2248981050878704
12.5 5.221589653762583
13.0 5.21828315020096
13.5 5.214961081974779
14.0 5.211612891236213
14.5 5.208232471649136
15.0 5.204816578815178
15.5 5.201363819921515
16.0 5.1978740105167205
16.5 5.194347763895109
17.0 5.190786227805702
