0.0 18.50000000000001
0.5 17.469104740888973
1.0 13.550567243292708
1.5 10.60643366053317
2.0 8.648129031110296
2.5 7.38801434881656
3.0 6.586181107836688
3.5 6.078054721740336
4.0 5.7563430574590315
4.5 5.552358863742501
5.0 5.422529180105238
5.5 5.339362821342946
6.0 5.285569271172163
6.5 5.250290721154762
7.0 5.226712681903082
7.5 5.21055805335964
8.0 5.199141131684381
8.5 5.190774271978133
9.0 5.1843959310233725
9.5 5.1793374771891685
10.0 5.175176945660003
10.5 5.171647277034318
11.0 5.168578711815028
11.5 5.165862608958814
12.0 5.163428704383226
12.5 5.161230786422799
13.0 5.159237863930188
13.5 5.15742832562309
14.0 5.155786595335679
14.5 5.154300923413154
15.0 5.152961584203765
15.5 5.15176076267756
16.0 5.150691109002518
16.5 5.1497461675022445
17.0 5.148920018615006
