0.0 18.50000000000001
0.5 17.216745050628717
1.0 12.939111430568568
1.5 9.716663926146767
2.0 7.564353544111236
2.5 6.173599150266265
3.0 5.285301190288526
3.5 4.72108249928532
4.0 4.363943897894035
4.5 4.138261499948727
5.0 3.9955924725376004
5.5 3.90516778069809
6.0 3.8475720398339694
6.5 3.8106003411059666
7.0 3.7865923870421967
7.5 3.770741442435728
8.0 3.7600301870597166
8.5 3.752563417060938
9.0 3.7471500129943456
9.5 3.7430409933365807
10.0 3.739765242272444
10.5 3.737026390734391
11.0 3.734638022961092
11.5 3.732482928990541
12.0 3.730487460107556
12.5 3.7286053793502787
13.0 3.7268076863364743
13.5 3.725076203732916
14.0 3.7233995335668286
14.5 3.721770507307424
15.0 3.7201845779645972
15.5 3.7186388065532086
16.0 3.717131223789916
16.5 3.715660428848994
17.0 3.7142253380186503
