0.0 16.951612903225808
0.5 16.08064516129032
1.0 13.85483870967742
1.5 11.580645161290324
2.0 9.98387096774194
2.5 8.725806451612907
3.0 7.709677419354841
3.5 7.032258064516133
4.0 6.306451612903231
4.5 5.967741935483875
5.0 5.7258064516129075
5.5 5.387096774193555
6.0 5.000000000000008
6.5 4.709677419354847
7.0 4.516129032258076
7.5 4.274193548387103
8.0 4.080645161290327
8.5 3.8870967741935547
9.0 3.838709677419363
9.5 3.790322580645171
10.0 3.693548387096783
10.5 3.6451612903225943
11.0 3.596774193548399
11.5 3.5000000000000218
12.0 3.500000000000018
12.5 3.500000000000007
13.0 3.500000000000011
13.5 3.4516129032258185
14.0 3.4516129032258185
14.5 3.4516129032258256
15.0 3.451612903225815
15.5 3.4032258064516228
16.0 3.5000000000000147
16.5 3.6451612903225983
17.0 3.596774193548406
