0.0 17.002684044844536
0.5 16.133053515215114
1.0 10.539305241067076
1.5 6.027674380074012
2.0 3.9706025294085134
2.5 3.2595294637432635
3.0 2.8915667973711945
3.5 2.6027834539128634
4.0 2.4460153531783253
4.5 2.3155906555475845
5.0 2.264345280830618
5.5 2.1339205831998598
6.0 2.161854531396692
6.5 2.0842657535759668
7.0 2.0858065941348656
7.5 2.060954327055839
8.0 2.036151764510965
8.5 1.9849063897940096
9.0 1.9864472303528982
9.5 1.987988070911797
10.0 1.9103992930910716
10.5 1.9647263489258224
11.0 2.098232727674365
11.5 1.9942011376815678
12.0 2.074921301154248
12.5 2.1292980615231727
13.0 2.130838902082065
13.5 2.0004142044513102
14.0 2.002004749544373
14.5 2.372999392500141
15.0 2.3217540177831815
15.5 2.7984205003589833
16.0 2.430507538521013
16.5 2.5376208096316226
17.0 2.7502568067598188
