0.0 17.677419354838705
0.5 16.61290322580645
1.0 12.887096774193557
1.5 7.564516129032274
2.0 5.290322580645164
2.5 4.41935483870968
3.0 4.129032258064516
3.5 3.83870967741936
4.0 3.741935483870979
4.5 3.693548387096783
5.0 3.693548387096776
5.5 3.645161290322591
6.0 3.645161290322591
6.5 3.596774193548399
7.0 3.548387096774203
7.5 3.4516129032258185
8.0 3.4516129032258185
8.5 3.4032258064516228
9.0 3.451612903225822
9.5 3.4516129032258114
10.0 3.3548387096774306
10.5 3.306451612903239
11.0 3.306451612903239
11.5 3.306451612903239
12.0 3.451612903225822
12.5 3.5483870967742064
13.0 3.306451612903239
13.5 3.0161290322580787
14.0 3.064516129032281
14.5 3.064516129032274
15.0 2.870967741935498
15.5 2.9677419354838825
16.0 3.209677419354851
16.5 3.4516129032258185
17.0 3.596774193548406
