0.0 19.14516129032258
0.5 16.870967741935488
1.0 13.048387096774194
1.5 11.209677419354838
2.0 9.56451612903226
2.5 8.35483870967742
3.0 7.532258064516134
3.5 7.193548387096779
4.0 6.8548387096774235
4.5 6.758064516129036
5.0 6.6129032258064555
5.5 6.467741935483879
6.0 6.370967741935491
6.5 6.516129032258075
7.0 6.4677419354838745
7.5 6.370967741935491
8.0 6.274193548387103
8.5 6.032258064516135
9.0 5.935483870967747
9.5 6.0806451612903345
10.0 6.032258064516139
10.5 6.129032258064527
11.0 6.129032258064527
11.5 6.225806451612915
12.0 6.129032258064527
12.5 6.274193548387106
13.0 6.274193548387106
13.5 6.225806451612918
14.0 6.225806451612918
14.5 6.322580645161306
15.0 6.467741935483882
15.5 6.467741935483886
16.0 6.516129032258078
16.5 6.516129032258078
17.0 6.564516129032274
