0.0 17.002684044844532
0.5 14.734268514938972
1.0 10.803236317446279
1.5 8.825343789694582
2.0 7.216905064339746
2.5 5.846004307726286
3.0 4.765477439664206
3.5 3.948831943447282
4.0 3.4489037388855337
4.5 3.2129563152372076
5.0 3.029745402330594
5.5 2.9257138123377726
6.0 2.7425028994311624
6.5 2.770486552162147
7.0 2.7984205003589797
7.5 2.8263544485558043
8.0 2.8806815043905623
8.5 2.882272049483621
9.0 2.9102059976804537
9.5 2.753388192411777
10.0 2.7549787375048354
10.5 2.756519578063735
11.0 2.7844535262605667
11.5 2.9707461202849714
12.0 3.051466283757655
12.5 3.026614016678632
13.0 2.8962390235820448
13.5 2.7130281106754346
14.0 2.688175843596394
14.5 2.953647760534597
15.0 2.902452090351801
15.5 2.772027392721043
16.0 3.143071740210971
16.5 2.959860827304361
17.0 2.8557795327773796
