0.0 18.951612903225808
0.5 18.08064516129032
1.0 15.854838709677422
1.5 13.580645161290326
2.0 11.983870967741941
2.5 10.725806451612907
3.0 9.709677419354842
3.5 9.032258064516132
4.0 8.306451612903231
4.5 7.967741935483875
5.0 7.7258064516129075
5.5 7.387096774193555
6.0 7.000000000000007
6.5 6.709677419354847
7.0 6.516129032258075
7.5 6.274193548387103
8.0 6.080645161290327
8.5 5.887096774193554
9.0 5.838709677419363
9.5 5.790322580645171
10.0 5.693548387096783
10.5 5.645161290322594
11.0 5.5967741935483994
11.5 5.500000000000021
12.0 5.500000000000019
12.5 5.500000000000007
13.0 5.5000000000000115
13.5 5.4516129032258185
14.0 5.4516129032258185
14.5 5.451612903225826
15.0 5.451612903225815
15.5 5.403225806451624
16.0 5.500000000000014
16.5 5.645161290322598
17.0 5.5967741935484066
