0.0 19.002684044844536
0.5 16.734268514938975
1.0 12.80323631744628
1.5 10.825343789694582
2.0 9.216905064339745
2.5 7.846004307726285
3.0 6.765477439664206
3.5 5.948831943447281
4.0 5.448903738885534
4.5 5.212956315237208
5.0 5.029745402330594
5.5 4.925713812337772
6.0 4.742502899431162
6.5 4.770486552162147
7.0 4.798420500358979
7.5 4.826354448555804
8.0 4.880681504390562
8.5 4.882272049483621
9.0 4.910205997680453
9.5 4.753388192411777
10.0 4.754978737504835
10.5 4.7565195780637355
11.0 4.784453526260567
11.5 4.970746120284971
12.0 5.051466283757655
12.5 5.026614016678632
13.0 4.896239023582045
13.5 4.713028110675435
14.0 4.688175843596394
14.5 4.953647760534597
15.0 4.902452090351801
15.5 4.772027392721043
16.0 5.143071740210971
16.5 4.959860827304361
17.0 4.85577953277738
