0.0 19.002684044844536
0.5 18.133053515215114
1.0 12.539305241067078
1.5 8.02767438007401
2.0 5.970602529408513
2.5 5.259529463743264
3.0 4.891566797371194
3.5 4.602783453912863
4.0 4.446015353178325
4.5 4.3155906555475845
5.0 4.264345280830618
5.5 4.13392058319986
6.0 4.161854531396692
6.5 4.084265753575966
7.0 4.085806594134866
7.5 4.060954327055839
8.0 4.036151764510965
8.5 3.984906389794009
9.0 3.9864472303528977
9.5 3.9879880709117965
10.0 3.9103992930910714
10.5 3.964726348925822
11.0 4.098232727674365
11.5 3.9942011376815674
12.0 4.074921301154248
12.5 4.129298061523173
13.0 4.130838902082065
13.5 4.00041420445131
14.0 4.002004749544373
14.5 4.372999392500141
15.0 4.3217540177831815
15.5 4.798420500358984
16.0 4.430507538521013
16.5 4.537620809631623
17.0 4.750256806759819
