0.0 17.14516129032258
0.5 14.870967741935488
1.0 11.048387096774192
1.5 9.209677419354836
2.0 7.56451612903226
2.5 6.35483870967742
3.0 5.532258064516135
3.5 5.193548387096779
4.0 4.8548387096774235
4.5 4.758064516129036
5.0 4.6129032258064555
5.5 4.467741935483879
6.0 4.370967741935491
6.5 4.516129032258076
7.0 4.467741935483875
7.5 4.370967741935491
8.0 4.274193548387103
8.5 4.032258064516135
9.0 3.9354838709677478
9.5 4.0806451612903345
10.0 4.032258064516139
10.5 4.129032258064527
11.0 4.129032258064527
11.5 4.225806451612915
12.0 4.129032258064527
12.5 4.274193548387107
13.0 4.274193548387107
13.5 4.225806451612919
14.0 4.225806451612919
14.5 4.322580645161307
15.0 4.4677419354838825
15.5 4.467741935483886
16.0 4.516129032258078
16.5 4.516129032258078
17.0 4.564516129032274
