0.0 19.677419354838705
0.5 18.61290322580645
1.0 14.887096774193559
1.5 9.564516129032274
2.0 7.290322580645164
2.5 6.41935483870968
3.0 6.129032258064516
3.5 5.838709677419359
4.0 5.741935483870979
4.5 5.693548387096783
5.0 5.693548387096776
5.5 5.645161290322591
6.0 5.645161290322591
6.5 5.5967741935483994
7.0 5.548387096774203
7.5 5.4516129032258185
8.0 5.4516129032258185
8.5 5.403225806451624
9.0 5.451612903225822
9.5 5.451612903225811
10.0 5.354838709677431
10.5 5.306451612903238
11.0 5.306451612903238
11.5 5.306451612903238
12.0 5.451612903225822
12.5 5.548387096774206
13.0 5.306451612903238
13.5 5.016129032258079
14.0 5.064516129032281
14.5 5.064516129032274
15.0 4.870967741935498
15.5 4.9677419354838825
16.0 5.2096774193548505
16.5 5.4516129032258185
17.0 5.5967741935484066
