0.0 17.951612903225808
0.5 17.08064516129032
1.0 14.854838709677422
1.5 12.580645161290324
2.0 10.98387096774194
2.5 9.725806451612907
3.0 8.70967741935484
3.5 8.032258064516132
4.0 7.306451612903231
4.5 6.967741935483875
5.0 6.7258064516129075
5.5 6.387096774193555
6.0 6.000000000000007
6.5 5.709677419354847
7.0 5.516129032258075
7.5 5.274193548387103
8.0 5.080645161290327
8.5 4.887096774193554
9.0 4.838709677419363
9.5 4.790322580645171
10.0 4.693548387096783
10.5 4.645161290322594
11.0 4.596774193548399
11.5 4.500000000000021
12.0 4.500000000000018
12.5 4.500000000000007
13.0 4.500000000000011
13.5 4.4516129032258185
14.0 4.4516129032258185
14.5 4.451612903225826
15.0 4.451612903225815
15.5 4.403225806451623
16.0 4.500000000000014
16.5 4.645161290322599
17.0 4.596774193548406
