0.0 11.132982361850782
0.5 9.22472761029951
1.0 8.398947085552352
1.5 7.779352127815503
2.0 6.902025211315776
2.5 6.411357306884252
3.0 6.075267503786581
3.5 5.558765329554891
4.0 5.248448722333511
4.5 4.938132115112131
5.0 4.730908291395902
5.5 4.6782625690135315
6.0 4.496873015097474
6.5 4.2895881174573685
7.0 4.185518151170175
7.5 4.081448184882982
8.0 3.9773171446719093
8.5 3.847412908584552
9.0 3.769055064249766
9.5 3.664924024038695
10.0 3.612339375580202
10.5 3.5597547271217067
11.0 3.507231152587087
11.5 3.4286900864806746
12.0 3.3761665119460584
12.5 3.3236429374114387
13.0 3.2711193628768243
13.5 3.2442468363707437
14.0 3.2174964577124143
14.5 3.1907460790540867
15.0 3.16393462647188
15.5 3.137062099965796
16.0 3.0845385254311815
16.5 3.0835002687252646
17.0 3.0566888161430548
17.5 2.9783309718082744
18.0 2.9515195192260695
18.5 2.9504812625201513
19.0 2.949443005814235
19.5 2.948282601260564
20.0 2.9474275663262794
20.5 2.9463893096203617
21.0 2.919577857038158
21.5 2.892583182684321
22.0 2.8659549518737446
