0.0 11.59806029217765
0.5 10.669064836077588
1.0 9.22472761029952
1.5 7.548431621634823
2.0 6.25873357111448
2.5 5.561819025748765
3.0 5.045377925440954
3.5 4.580422142961837
4.0 4.167012752235303
4.5 3.7278301656324793
5.0 3.3659060927346456
5.5 3.1329701470660005
6.0 2.8999731274734923
6.5 2.6412029120046903
7.0 2.408144818488296
7.5 2.329909122001268
8.0 2.277324473542775
8.5 2.198966629207993
9.0 2.0948355889969204
9.5 2.042250940538425
10.0 1.8864513607270226
10.5 1.8082156642399951
11.0 1.807177407534079
11.5 1.7545927590755819
12.0 1.7277813064933785
12.5 1.7010309278350508
13.0 1.6742194752528476
13.5 1.6474080226706391
14.0 1.620596570088436
14.5 1.516465529877365
15.0 1.4122734157424102
15.5 1.3855230370840845
16.0 1.3586505105780002
16.5 1.3319001319196726
17.0 1.3051497532613432
17.5 1.27833830067914
18.0 1.2257536522206447
18.5 1.1731690037621512
19.0 1.1463575511799444
19.5 1.1195460985977395
20.0 1.092673572091659
20.5 1.0659842673572069
21.0 1.0133996188987098
21.5 0.9865881663165066
22.0 0.9597767137343034
22.5 0.9329652611520984
23.0 0.9318659305223029
