0.000000 12.578685
0.500000 5.766072
1.000000 2.581253
1.500000 1.313439
2.000000 0.856637
2.500000 0.665271
3.000000 0.518156
3.500000 0.474241
4.000000 0.430338
4.500000 0.445421
5.000000 0.445745
5.500000 0.416602
6.000000 0.416938
6.500000 0.417262
7.000000 0.417599
7.500000 0.417935
8.000000 0.418259
8.500000 0.418608
9.000000 0.418945
9.500000 0.419282
10.000000 0.419605
10.500000 0.419942
11.000000 0.420279
11.500000 0.420628
12.000000 0.420952
12.500000 0.421288
13.000000 0.421625
13.500000 0.421962
14.000000 0.422298
14.500000 0.422635
15.000000 0.422959
15.500000 0.423295
16.000000 0.423632
16.500000 0.423968
17.000000 0.439051
17.500000 0.439388
18.000000 0.439725
18.500000 0.440048
19.000000 0.425639
19.500000 0.425988
20.000000 0.426325
20.500000 0.426648
21.000000 0.426985
21.500000 0.427309
22.000000 0.427658
