0.000000 14.633126
0.500000 13.717668
1.000000 12.228390
1.500000 10.407087
2.000000 8.869865
2.500000 7.382224
3.000000 6.517795
3.500000 5.848859
4.000000 5.350451
4.500000 4.934635
5.000000 4.694785
5.500000 4.345815
6.000000 3.996824
6.500000 3.705401
7.000000 3.362740
7.500000 3.141363
8.000000 2.988511
8.500000 2.760893
9.000000 2.587040
9.500000 2.417815
10.000000 2.291442
10.500000 2.158742
11.000000 2.047884
11.500000 1.954146
12.000000 1.843337
12.500000 1.671633
13.000000 1.613651
13.500000 1.582171
14.000000 1.561603
14.500000 1.508272
15.000000 1.461270
15.500000 1.414248
16.000000 1.329808
16.500000 1.217267
17.000000 1.174885
17.500000 1.121578
18.000000 1.079160
18.500000 1.063203
19.000000 1.025415
19.500000 1.009501
20.000000 0.993519
20.500000 0.997778
21.000000 0.981842
21.500000 1.018754
22.000000 1.016750
