0.000000 12.585090
0.500000 7.278766
1.000000 1.425921
1.500000 1.274545
2.000000 0.734479
2.500000 0.460386
3.000000 0.403947
3.500000 0.337126
4.000000 0.292578
4.500000 0.299007
5.000000 0.305436
5.500000 0.301452
6.000000 0.301472
6.500000 0.301452
7.000000 0.342984
7.500000 0.415664
8.000000 0.436429
8.500000 0.405281
9.000000 0.401317
9.500000 0.390934
10.000000 0.390934
10.500000 0.390934
11.000000 0.390954
11.500000 0.390934
12.000000 0.390934
12.500000 0.401317
13.000000 0.401317
13.500000 0.401317
14.000000 0.401317
14.500000 0.386970
15.000000 0.426046
15.500000 0.411700
16.000000 0.386970
16.500000 0.401317
17.000000 0.401317
17.500000 0.411700
18.000000 0.397353
18.500000 0.397353
19.000000 0.397353
19.500000 0.397353
20.000000 0.397353
20.500000 0.393390
21.000000 0.407736
21.500000 0.407736
22.000000 0.407736
