0.000000 13.353460
0.500000 9.334531
1.000000 5.288262
1.500000 3.517201
2.000000 1.876592
2.500000 1.519437
3.000000 1.317638
3.500000 1.126222
4.000000 0.998611
4.500000 0.963489
5.000000 0.928367
5.500000 0.903657
6.000000 0.903638
6.500000 0.903657
7.000000 0.862126
7.500000 0.789446
8.000000 0.768680
8.500000 0.799829
9.000000 0.775100
9.500000 0.785482
10.000000 0.785482
10.500000 0.785482
11.000000 0.785463
11.500000 0.785482
12.000000 0.785482
12.500000 0.775100
13.000000 0.775100
13.500000 0.775100
14.000000 0.775100
14.500000 0.760753
15.000000 0.779063
15.500000 0.764717
16.000000 0.760753
16.500000 0.775100
17.000000 0.775100
17.500000 0.764717
18.000000 0.750370
18.500000 0.750370
19.000000 0.750370
19.500000 0.750370
20.000000 0.750370
20.500000 0.725641
21.000000 0.739987
21.500000 0.739987
22.000000 0.739987
