0.000000 12.450340
0.500000 10.367123
1.000000 8.812385
1.500000 7.242078
2.000000 6.075926
2.500000 5.003010
3.000000 4.318681
3.500000 3.960789
4.000000 3.680614
4.500000 3.384871
5.000000 3.166871
5.500000 2.948845
6.000000 2.730820
6.500000 2.559450
7.000000 2.325905
7.500000 2.170054
8.000000 2.060858
8.500000 1.920550
9.000000 1.795810
9.500000 1.686589
10.000000 1.592935
10.500000 1.514826
11.000000 1.436667
11.500000 1.343014
12.000000 1.264905
12.500000 1.202339
13.000000 1.155291
13.500000 1.123812
14.000000 1.092308
14.500000 1.060805
15.000000 1.013782
15.500000 0.966759
16.000000 0.904169
16.500000 0.857122
17.000000 0.825642
17.500000 0.794163
18.000000 0.762659
18.500000 0.746724
19.000000 0.730764
19.500000 0.714828
20.000000 0.698868
20.500000 0.714019
21.000000 0.698083
21.500000 0.713210
22.000000 0.743904
