0.000000 12.969275
0.500000 8.306649
1.000000 3.357091
1.500000 2.395873
2.000000 1.305535
2.500000 0.989912
3.000000 0.860793
3.500000 0.731674
4.000000 0.645594
4.500000 0.631248
5.000000 0.616901
5.500000 0.602555
6.000000 0.602555
6.500000 0.602555
7.000000 0.602555
7.500000 0.602555
8.000000 0.602555
8.500000 0.602555
9.000000 0.588208
9.500000 0.588208
10.000000 0.588208
10.500000 0.588208
11.000000 0.588208
11.500000 0.588208
12.000000 0.588208
12.500000 0.588208
13.000000 0.588208
13.500000 0.588208
14.000000 0.588208
14.500000 0.573862
15.000000 0.602555
15.500000 0.588208
16.000000 0.573862
16.500000 0.588208
17.000000 0.588208
17.500000 0.588208
18.000000 0.573862
18.500000 0.573862
19.000000 0.573862
19.500000 0.573862
20.000000 0.573862
20.500000 0.559515
21.000000 0.573862
21.500000 0.573862
22.000000 0.573862
