0.000000 11.906642
0.500000 4.229974
1.000000 1.397177
1.500000 0.502720
2.000000 0.248598
2.500000 0.067860
3.000000 -0.036546
3.500000 -0.059166
4.000000 0.024979
4.500000 0.104066
5.000000 0.093722
5.500000 0.053912
6.000000 0.054248
6.500000 0.065240
7.000000 0.076243
7.500000 0.076580
8.000000 0.076904
8.500000 0.077253
9.000000 0.077590
9.500000 0.077927
10.000000 0.078250
10.500000 0.078548
11.000000 0.089591
11.500000 0.089980
12.000000 0.100971
12.500000 0.101268
13.000000 0.101605
13.500000 0.101981
14.000000 0.102396
14.500000 0.113282
15.000000 0.113605
15.500000 0.113981
16.000000 0.124907
16.500000 0.125283
17.000000 0.140366
17.500000 0.140663
18.000000 0.141039
18.500000 0.141363
19.000000 0.126953
19.500000 0.724752
20.000000 0.116972
20.500000 0.127963
21.000000 0.128260
21.500000 0.117916
22.000000 0.118305
