0.000000 10.267554
0.500000 7.016579
1.000000 5.396379
1.500000 4.077069
2.000000 3.281987
2.500000 2.623796
3.000000 2.119566
3.500000 2.072718
4.000000 2.010777
4.500000 1.835108
5.000000 1.638957
5.500000 1.551876
6.000000 1.464816
6.500000 1.413498
7.000000 1.289071
7.500000 1.198745
8.000000 1.133204
8.500000 1.080206
9.000000 1.004579
9.500000 0.955362
10.000000 0.894429
10.500000 0.870910
11.000000 0.825450
11.500000 0.731883
12.000000 0.686472
12.500000 0.733044
13.000000 0.696932
13.500000 0.665453
14.000000 0.623014
14.500000 0.613338
15.000000 0.566294
15.500000 0.519271
16.000000 0.478530
16.500000 0.496976
17.000000 0.476400
17.500000 0.466748
18.000000 0.446159
18.500000 0.430244
19.000000 0.436112
19.500000 0.420154
20.000000 0.404216
20.500000 0.430259
21.000000 0.414324
21.500000 0.407665
22.000000 0.471059
