0.000000 13.250728
0.500000 7.302170
1.000000 3.765329
1.500000 2.124157
2.000000 1.464676
2.500000 1.262682
3.000000 1.072859
3.500000 1.007648
4.000000 0.835698
4.500000 0.786776
5.000000 0.797767
5.500000 0.779292
6.000000 0.779628
6.500000 0.769285
7.000000 0.758954
7.500000 0.759290
8.000000 0.759614
8.500000 0.759964
9.000000 0.760300
9.500000 0.760637
10.000000 0.760961
10.500000 0.761336
11.000000 0.750966
11.500000 0.751277
12.000000 0.740933
12.500000 0.741309
13.000000 0.741646
13.500000 0.741943
14.000000 0.742201
14.500000 0.731988
15.000000 0.732312
15.500000 0.732609
16.000000 0.722357
16.500000 0.722654
17.000000 0.737737
17.500000 0.738113
18.000000 0.738410
18.500000 0.738734
19.000000 0.724324
19.500000 0.127224
20.000000 0.735678
20.500000 0.725334
21.000000 0.725710
21.500000 0.736701
22.000000 0.737011
