0.05 0.05357142857142857
0.15000000000000002 0.06428571428571428
0.25 0.0625
0.35 0.04375
0.45 0.06517857142857143
0.55 0.06785714285714285
0.65 0.09732142857142857
0.7500000000000001 0.03571428571428571
0.8500000000000001 0.07142857142857142
0.9500000000000002 0.06517857142857143
1.05 0.05089285714285714
1.15 0.05
1.25 0.04375
1.35 0.027678571428571427
1.4500000000000002 0.04196428571428571
1.55 0.023214285714285715
1.6500000000000001 0.01875
1.7500000000000002 0.017857142857142856
1.8500000000000003 0.03214285714285714
1.95 0.013392857142857142
2.05 0.015178571428571428
2.15 0.017857142857142856
2.2499999999999996 0.009821428571428571
2.3499999999999996 0.0017857142857142857
2.4499999999999997 0.0017857142857142857
2.55 0.0
2.65 0.0017857142857142857
2.75 0.0026785714285714286
2.85 0.0
2.95 0.0008928571428571428
3.05 0.0
3.15 0.0
3.25 0.0017857142857142857
3.35 0.0
3.45 0.0
3.5500000000000003 0.0
3.6500000000000004 0.0
3.7499999999999996 0.0
3.8499999999999996 0.0
3.9499999999999997 0.0
4.05 0.0
4.15 0.0
4.25 0.0
4.3500000000000005 0.0
4.449999999999999 0.0
4.55 0.0
4.6499999999999995 0.0
4.75 0.0
4.85 0.0
