0.05 0.29375
0.15000000000000002 0.2080357142857143
0.25 0.09464285714285714
0.35 0.10535714285714286
0.45 0.07232142857142858
0.55 0.04285714285714286
0.65 0.045535714285714284
0.7500000000000001 0.03482142857142857
0.8500000000000001 0.02142857142857143
0.9500000000000002 0.027678571428571427
1.05 0.019642857142857142
1.15 0.007142857142857143
1.25 0.0008928571428571428
1.35 0.005357142857142857
1.4500000000000002 0.008035714285714285
1.55 0.0
1.6500000000000001 0.0026785714285714286
1.7500000000000002 0.0008928571428571428
1.8500000000000003 0.0
1.95 0.0008928571428571428
2.05 0.0
2.15 0.0
2.2499999999999996 0.005357142857142857
2.3499999999999996 0.0
2.4499999999999997 0.0
2.55 0.0
2.65 0.0
2.75 0.0
2.85 0.0
2.95 0.0
3.05 0.0
3.15 0.0
3.25 0.0
3.35 0.0
3.45 0.0
3.5500000000000003 0.0
3.6500000000000004 0.0
3.7499999999999996 0.0
3.8499999999999996 0.0
3.9499999999999997 0.0
4.05 0.0
4.15 0.0
4.25 0.0
4.3500000000000005 0.0
4.449999999999999 0.0
4.55 0.0
4.6499999999999995 0.0
4.75 0.0026785714285714286
4.85 0.0
