0.05 0.5589285714285714
0.15000000000000002 0.29910714285714285
0.25 0.1419642857142857
0.35 0.0
0.45 0.0
0.55 0.0
0.65 0.0
0.7500000000000001 0.0
0.8500000000000001 0.0
0.9500000000000002 0.0
1.05 0.0
1.15 0.0
1.25 0.0
1.35 0.0
1.4500000000000002 0.0
1.55 0.0
1.6500000000000001 0.0
1.7500000000000002 0.0
1.8500000000000003 0.0
1.95 0.0
2.05 0.0
2.15 0.0
2.2499999999999996 0.0
2.3499999999999996 0.0
2.4499999999999997 0.0
2.55 0.0
2.65 0.0
2.75 0.0
2.85 0.0
2.95 0.0
3.05 0.0
3.15 0.0
3.25 0.0
3.35 0.0
3.45 0.0
3.5500000000000003 0.0
3.6500000000000004 0.0
3.7499999999999996 0.0
3.8499999999999996 0.0
3.9499999999999997 0.0
4.05 0.0
4.15 0.0
4.25 0.0
4.3500000000000005 0.0
4.449999999999999 0.0
4.55 0.0
4.6499999999999995 0.0
4.75 0.0
4.85 0.0
