0.0 11.577258513704985
0.5 10.72576586700542
1.0 9.59076806566668
1.5 8.996885229882258
2.0 8.557702643279423
2.5 8.170066448429175
3.0 7.859810915131671
3.5 7.678360287291736
4.0 7.496848585527921
4.5 7.315459031611865
5.0 7.134008403771924
5.5 7.05565055943714
6.0 6.9515195192260695
6.5 6.8216152831387085
7.0 6.743318512727804
7.5 6.66496066839302
8.0 6.560829628181951
8.5 6.508244979723456
9.0 6.429887135388674
9.5 6.325756095177601
10.0 6.247398250842817
10.5 6.272133190013191
11.0 6.193775345678407
11.5 6.14125177114379
12.0 6.088606048761418
12.5 6.010309278350512
13.0 5.98343675184443
13.5 5.9824595690623905
14.0 5.929874920603897
14.5 5.877290272145404
15.0 5.824644549763029
15.5 5.823728440904867
16.0 5.796916988322662
16.5 5.795878731616746
17.0 5.6917476914056735
17.5 5.690709434699758
18.0 5.715444373870129
18.5 5.688632921287924
19.0 5.661821468705718
19.5 5.6608442859236785
20.0 5.6597449552938865
20.5 5.658767772511846
21.0 5.657729515805926
21.5 5.656691259100011
22.0 5.6041066106415185
22.5 5.603068353935601
23.0 5.60209117115356
