0.0 12.132982361850782
0.5 10.22472761029951
1.0 9.398947085552352
1.5 8.779352127815503
2.0 7.902025211315776
2.5 7.411357306884252
3.0 7.075267503786581
3.5 6.558765329554891
4.0 6.248448722333511
4.5 5.938132115112131
5.0 5.730908291395902
5.5 5.6782625690135315
6.0 5.496873015097475
6.5 5.289588117457369
7.0 5.185518151170175
7.5 5.081448184882982
8.0 4.977317144671909
8.5 4.847412908584552
9.0 4.769055064249766
9.5 4.6649240240386955
10.0 4.612339375580202
10.5 4.559754727121707
11.0 4.507231152587087
11.5 4.428690086480675
12.0 4.376166511946058
12.5 4.323642937411439
13.0 4.271119362876824
13.5 4.244246836370744
14.0 4.217496457712414
14.5 4.190746079054087
15.0 4.16393462647188
15.5 4.137062099965796
16.0 4.0845385254311815
16.5 4.083500268725265
17.0 4.056688816143055
17.5 3.978330971808274
18.0 3.951519519226069
18.5 3.9504812625201513
19.0 3.9494430058142345
19.5 3.948282601260564
20.0 3.9474275663262794
20.5 3.9463893096203613
21.0 3.919577857038158
21.5 3.8925831826843207
22.0 3.8659549518737446
