0.0 10.598060292177648
0.5 9.669064836077586
1.0 8.22472761029952
1.5 6.548431621634823
2.0 5.25873357111448
2.5 4.561819025748765
3.0 4.045377925440954
3.5 3.580422142961837
4.0 3.167012752235303
4.5 2.7278301656324793
5.0 2.365906092734646
5.5 2.132970147066001
6.0 1.8999731274734923
6.5 1.6412029120046903
7.0 1.408144818488296
7.5 1.3299091220012682
8.0 1.2773244735427751
8.5 1.198966629207993
9.0 1.0948355889969204
9.5 1.042250940538425
10.0 0.8864513607270226
10.5 0.8082156642399951
11.0 0.8071774075340789
11.5 0.7545927590755818
12.0 0.7277813064933785
12.5 0.7010309278350507
13.0 0.6742194752528476
13.5 0.6474080226706391
14.0 0.6205965700884358
14.5 0.5164655298773652
15.0 0.41227341574241005
15.5 0.3855230370840844
16.0 0.3586505105780003
16.5 0.3319001319196726
17.0 0.30514975326134314
17.5 0.27833830067914006
18.0 0.22575365222064475
18.5 0.17316900376215127
19.0 0.14635755117994445
19.5 0.11954609859773944
20.0 0.09267357209165893
20.5 0.06598426735720686
21.0 0.013399618898709777
21.5 -0.01341183368349343
22.0 -0.040223286265696635
22.5 -0.06703473884790152
23.0 -0.06813406947769704
