0.0 10.13298236185078
0.5 8.22472761029951
1.0 7.3989470855523525
1.5 6.779352127815503
2.0 5.902025211315776
2.5 5.411357306884252
3.0 5.075267503786581
3.5 4.558765329554891
4.0 4.248448722333512
4.5 3.938132115112131
5.0 3.7309082913959024
5.5 3.6782625690135315
6.0 3.4968730150974747
6.5 3.289588117457369
7.0 3.185518151170175
7.5 3.0814481848829818
8.0 2.9773171446719093
8.5 2.847412908584552
9.0 2.769055064249766
9.5 2.6649240240386955
10.0 2.612339375580202
10.5 2.5597547271217067
11.0 2.507231152587087
11.5 2.4286900864806746
12.0 2.3761665119460584
12.5 2.323642937411439
13.0 2.2711193628768243
13.5 2.244246836370744
14.0 2.2174964577124143
14.5 2.190746079054087
15.0 2.16393462647188
15.5 2.1370620999657963
16.0 2.0845385254311815
16.5 2.083500268725265
17.0 2.0566888161430548
17.5 1.9783309718082744
18.0 1.9515195192260695
18.5 1.9504812625201513
19.0 1.949443005814235
19.5 1.9482826012605639
20.0 1.9474275663262797
20.5 1.9463893096203617
21.0 1.9195778570381583
21.5 1.8925831826843211
22.0 1.865954951873745
