0.0 12.59806029217765
0.5 11.669064836077588
1.0 10.22472761029952
1.5 8.548431621634823
2.0 7.25873357111448
2.5 6.561819025748764
3.0 6.045377925440954
3.5 5.5804221429618375
4.0 5.167012752235303
4.5 4.727830165632479
5.0 4.365906092734646
5.5 4.1329701470660005
6.0 3.899973127473492
6.5 3.64120291200469
7.0 3.408144818488296
7.5 3.329909122001268
8.0 3.277324473542775
8.5 3.198966629207993
9.0 3.0948355889969204
9.5 3.042250940538425
10.0 2.8864513607270226
10.5 2.808215664239995
11.0 2.8071774075340787
11.5 2.754592759075582
12.0 2.7277813064933785
12.5 2.7010309278350504
13.0 2.6742194752528476
13.5 2.647408022670639
14.0 2.620596570088436
14.5 2.516465529877365
15.0 2.4122734157424097
15.5 2.3855230370840848
16.0 2.3586505105780002
16.5 2.3319001319196726
17.0 2.305149753261343
17.5 2.27833830067914
18.0 2.2257536522206447
18.5 2.1731690037621516
19.0 2.1463575511799444
19.5 2.1195460985977395
20.0 2.092673572091659
20.5 2.065984267357207
21.0 2.0133996188987098
21.5 1.9865881663165066
22.0 1.9597767137343032
22.5 1.9329652611520984
23.0 1.931865930522303
