0.0 13.577258513704987
0.5 12.725765867005421
1.0 11.590768065666682
1.5 10.996885229882258
2.0 10.557702643279425
2.5 10.170066448429175
3.0 9.859810915131673
3.5 9.678360287291737
4.0 9.496848585527921
4.5 9.315459031611864
5.0 9.134008403771924
5.5 9.05565055943714
6.0 8.95151951922607
6.5 8.821615283138708
7.0 8.743318512727804
7.5 8.66496066839302
8.0 8.560829628181951
8.5 8.508244979723456
9.0 8.429887135388674
9.5 8.325756095177601
10.0 8.247398250842817
10.5 8.272133190013191
11.0 8.193775345678407
11.5 8.14125177114379
12.0 8.088606048761418
12.5 8.010309278350512
13.0 7.98343675184443
13.5 7.9824595690623905
14.0 7.929874920603897
14.5 7.8772902721454034
15.0 7.824644549763029
15.5 7.823728440904867
16.0 7.796916988322662
16.5 7.795878731616746
17.0 7.691747691405673
17.5 7.690709434699757
18.0 7.715444373870129
18.5 7.688632921287924
19.0 7.661821468705718
19.5 7.6608442859236785
20.0 7.6597449552938865
20.5 7.658767772511845
21.0 7.657729515805926
21.5 7.656691259100011
22.0 7.604106610641518
22.5 7.603068353935601
23.0 7.60209117115356
