0.0 11.409044189896605
0.5 10.022622523619342
1.0 8.682062104074026
1.5 7.546458470855889
2.0 6.634088454367923
2.5 5.915987120799502
3.0 5.35521161463892
3.5 4.918590286565997
4.0 4.579012838140957
4.5 4.315019434316924
5.0 4.10981794516148
5.5 3.9503243924247498
6.0 3.826360116361784
6.5 3.7300112634297298
7.0 3.655126186330836
7.5 3.5969234311276
8.0 3.551686656537431
8.5 3.516527402248718
9.0 3.489200672944235
9.5 3.4679615956576995
10.0 3.4514540072255984
10.5 3.4386238606331236
11.0 3.4286519218433194
11.5 3.4209014598768652
12.0 3.4148775901007866
12.5 3.410195674721513
13.0 3.406556762787312
13.5 3.40372850148994
14.0 3.401530299909129
14.5 3.399821797871369
15.0 3.398493903633413
15.5 3.3974618281261986
16.0 3.3966596709798345
16.5 3.3960362126350097
17.0 3.3955516438575644
17.5 3.3951750238282976
18.0 3.3948823045012433
18.5 3.394654795081212
19.0 3.394477968573978
19.5 3.3943405342046384
20.0 3.394233716475944
20.5 3.394150694832828
21.0 3.394086168154437
21.5 3.3940360162655083
22.0 3.3939970368538033
