0.0 11.590000000000009
0.5 11.575498353725253
1.0 9.908115129178038
1.5 8.260742997464229
2.0 6.87667339385862
2.5 5.764529299531284
3.0 4.883462458752075
3.5 4.188978829061263
4.0 3.6429369952687365
4.5 3.2145902057842943
5.0 2.879555660394318
5.5 2.6185033858657563
6.0 2.4160111817794987
6.5 2.2596791357284185
7.0 2.1394978777316638
7.5 2.0474141948621463
8.0 1.9770130449862604
8.5 1.9232502971405374
9.0 1.8822078180902664
9.5 1.8508702892622693
10.0 1.8269311957541758
10.5 1.8086321702030448
11.0 1.794634742905744
11.5 1.7839203957843792
12.0 1.7757137918483137
12.5 1.769424276096909
13.0 1.7646014749546095
13.5 1.7609016477961323
14.0 1.7580621901378846
14.5 1.755882301316204
15.0 1.75420831101573
15.5 1.752922528337322
16.0 1.751934756965312
16.5 1.7511758308528207
17.0 1.7505926833416785
17.5 1.750144581728288
18.0 1.749800248836813
18.5 1.7495356605823604
19.0 1.7493323593479806
19.5 1.7491761614037653
20.0 1.7490561656574308
20.5 1.7489639930548675
21.0 1.748893202675972
21.5 1.7488388432920388
22.0 1.7487971088400056
22.5 1.7487650736587228
23.0 1.7487404889759364
