0.0 11.589999999999991
0.5 10.628146228820016
1.0 9.090893096575149
1.5 7.5469915398639476
2.0 6.21746407094214
2.5 5.147317824214842
3.0 4.3102159450949555
3.5 3.662805701932946
4.0 3.1640023524924974
4.5 2.7797199564392785
5.0 2.482998927590485
5.5 2.2529879724348567
6.0 2.073799323888752
6.5 1.933474838919532
7.0 1.8230854808553145
7.5 1.7359630962696841
8.0 1.6670803269607624
8.5 1.6125877994642193
9.0 1.5694913274960762
9.5 1.5354337736732777
10.0 1.5085460302230802
10.5 1.487341055926224
11.0 1.4706349003747807
11.5 1.4574855880599222
12.0 1.4471447070243655
12.5 1.4390186131480298
13.0 1.4326372105265304
13.5 1.4276288258771204
14.0 1.4237000245417695
14.5 1.4206194384444981
15.0 1.418204844605526
15.5 1.4163128685220603
16.0 1.4148307993810056
16.5 1.4136700982917239
17.0 1.4127612593469396
17.5 1.4120497485196388
18.0 1.4114927990923185
18.5 1.4110568862227162
19.0 1.4107157389368408
19.5 1.4104487766875446
20.0 1.4102398808257468
20.5 1.4100764299279
21.0 1.4099485427718677
21.5 1.409848484573607
22.0 1.4097702014821438
22.5 1.40970895576534
23.0 1.409661039997823
