0.0 12.569999999999991
0.5 11.278835973107956
1.0 10.507334912393185
1.5 9.774730234532328
2.0 9.142763581095013
2.5 8.627621866769031
3.0 8.218756002239065
3.5 7.898232528953878
4.0 7.648379432048094
4.5 7.454083683401801
5.0 7.303113820826863
5.5 7.185811707253083
6.0 7.094639473256573
6.5 7.023745376158034
7.0 6.968595798533127
7.5 6.925679170278606
8.0 6.892273759606563
8.5 6.866267842814748
9.0 6.846021203935482
9.5 6.8302586150052305
10.0 6.817987840235209
10.5 6.8084363925469855
11.0 6.8010026393479155
11.5 6.795217916204506
12.0 6.790717112656504
12.5 6.787215799989641
13.0 6.784492425378916
13.5 6.782374439142428
14.0 6.780727481032068
14.5 6.779446948940722
15.0 6.77845142473558
15.5 6.777677548523677
16.0 6.777076022883938
16.5 6.776608498660168
17.0 6.776245148445258
17.5 6.775962776411572
18.0 6.775743346337539
18.5 6.775572835608474
19.0 6.77544034322629
19.5 6.775337395688238
20.0 6.775257406955909
20.5 6.775195258387585
21.0 6.775146972040744
21.5 6.775109456629284
22.0 6.775080310003824
22.5 6.775057665596884
23.0 6.775040073058977
