0.0 11.59
0.5 11.101822291272635
1.0 9.499504112876593
1.5 7.903867268664088
2.0 6.54706873240038
2.5 5.455923561873063
3.0 4.596839201923515
3.5 3.9258922654971045
4.0 3.403469673880617
4.5 2.9971550811117864
5.0 2.6812772939924017
5.5 2.4357456791503065
6.0 2.2449052528341253
6.5 2.0965769873239752
7.0 1.9812916792934891
7.5 1.8916886455659152
8.0 1.8220466859735114
8.5 1.7679190483023783
9.0 1.7258495727931713
9.5 1.6931520314677735
10.0 1.667738612988628
10.5 1.6479866130646343
11.0 1.6326348216402624
11.5 1.6207029919221507
12.0 1.6114292494363396
12.5 1.6042214446224694
13.0 1.59861934274057
13.5 1.5942652368366264
14.0 1.590881107339827
14.5 1.588250869880351
15.0 1.586206577810628
15.5 1.5846176984296911
16.0 1.5833827781731589
16.5 1.5824229645722723
17.0 1.581676971344309
17.5 1.5810971651239634
18.0 1.5806465239645657
18.5 1.5802962734025383
19.0 1.5800240491424107
19.5 1.579812469045655
20.0 1.5796480232415888
20.5 1.5795202114913838
21.0 1.5794208727239198
21.5 1.5793436639328229
22.0 1.5792836551610747
22.5 1.5792370147120314
23.0 1.5792007644868797
