0.0 12.57
0.5 11.790900699052628
1.0 10.969001688210026
1.5 10.178101094908998
2.0 9.508541379159043
2.5 8.97068911970908
3.0 8.547382950985215
3.5 8.216823401136965
4.0 7.959450608208705
4.5 7.759282247940059
5.0 7.603668035045665
5.5 7.4827094932922655
6.0 7.388694068939117
6.5 7.315621814520448
7.0 7.258827809072638
7.5 7.214685888131948
8.0 7.180377565138891
8.5 7.153712197374337
9.0 7.132987146702255
9.5 7.116879073282477
10.0 7.104359440491
10.5 7.094628841432905
11.0 7.087065955257212
11.5 7.0811878744828025
12.0 7.076619270278738
12.5 7.073068426870583
13.0 7.070308614826168
13.5 7.06816361386587
14.0 7.066496460796894
14.5 7.065200704101751
15.0 7.064193606766633
15.5 7.063410863334781
16.0 7.062802493856731
16.5 7.062329652556809
17.0 7.061962147441945
17.5 7.061676512474203
18.0 7.06145450921085
18.5 7.061281962238296
19.0 7.061147854039673
19.5 7.061043621501298
20.0 7.060962609138388
20.5 7.060899644127208
21.0 7.060850706008496
21.5 7.060812669972007
22.0 7.060783107330245
22.5 7.0607601304412615
23.0 7.0607422721784
