0.0 10.920499228213552
0.5 9.600261591974606
1.0 8.319867797824433
1.5 7.220857151101155
2.0 6.334364559108701
2.5 5.638677808266458
3.0 5.09889427817558
3.5 4.68172448063334
4.0 4.359396873543702
4.5 4.109890975858122
5.0 3.916162742795484
5.5 3.7652016979378193
6.0 3.6471547254646866
6.5 3.554576427507008
7.0 3.4818211626032163
7.5 3.4245745886231536
8.0 3.3795081912435063
8.5 3.3440311745594475
9.0 3.316113146232606
9.5 3.294155732662645
10.0 3.276897508911431
10.5 3.2633419308061598
11.0 3.252701646539371
11.5 3.244354886663979
12.0 3.237811033532658
12.5 3.232683321181008
13.0 3.2286671513262406
13.5 3.2255228671200036
14.0 3.2230620780309343
14.5 3.2211368166275847
15.0 3.21963095275195
15.5 3.21845340492864
16.0 3.2175327803564677
16.5 3.216813148464721
17.0 3.216250712369497
17.5 3.2158111903723032
18.0 3.215467758075723
18.5 3.2151994325107296
19.0 3.2149898043189893
19.5 3.2148260436946448
20.0 3.2146981214332415
20.5 3.214598198852772
21.0 3.2145201501876604
21.5 3.2144591888326737
22.0 3.2144115749511797
