0.0 12.57000000000001
0.5 12.3029654249973
1.0 11.430668464026867
1.5 10.581471955285668
2.0 9.874319177223073
2.5 9.313756372649129
3.0 8.876009899731365
3.5 8.535414273320052
4.0 8.270521784369317
4.5 8.064480812478317
5.0 7.904222249264467
5.5 7.779607279331448
6.0 7.68274866462166
6.5 7.607498252882861
7.0 7.5490598196121494
7.5 7.5036926059852895
8.0 7.46848137067122
8.5 7.4411565519339256
9.0 7.419953089469027
9.5 7.403499531559723
10.0 7.3907310407467905
10.5 7.380821290318824
11.0 7.373129271166508
11.5 7.367157832761099
12.0 7.3625214279009725
12.5 7.358921053751524
13.0 7.356124804273419
13.5 7.353952788589313
14.0 7.35226544056172
14.5 7.3509544592627805
15.0 7.349935788797686
15.5 7.349144178145885
16.0 7.348528964829524
16.5 7.3480508064534495
17.0 7.347679146438632
17.5 7.347390248536834
18.0 7.34716567208416
18.5 7.346991088868118
19.0 7.346855364853056
19.5 7.346749847314358
20.0 7.3466678113208665
20.5 7.34660402986683
21.0 7.346554439976249
21.5 7.34651588331473
22.0 7.3464859046566655
22.5 7.346462595285639
23.0 7.346444471297823
