0.0 11.897589151579657
0.5 10.444983455264078
1.0 9.04425641032362
1.5 7.872059790610622
2.0 6.933812349627145
2.5 6.193296433332547
3.0 5.61152895110226
3.5 5.155456092498653
4.0 4.798628802738213
4.5 4.520147892775726
5.0 4.303473147527476
5.5 4.135447086911681
6.0 4.005565507258881
6.5 3.9054460993524516
7.0 3.828431210058456
7.5 3.7692722736320468
8.0 3.723865121831356
8.5 3.689023629937988
9.0 3.6622881996558636
9.5 3.6417674586527538
10.0 3.6260105055397656
10.5 3.6139057904600875
11.0 3.6046021971472677
11.5 3.5974480330897514
12.0 3.591944146668915
12.5 3.587708028262018
13.0 3.5844463742483836
13.5 3.581934135859876
14.0 3.5799985217873234
14.5 3.5785067791151537
15.0 3.577356854514876
15.5 3.576470251323757
16.0 3.575786561603201
16.5 3.575259276805298
17.0 3.574852575345632
17.5 3.574538857284292
18.0 3.5742968509267636
18.5 3.5741101576516945
19.0 3.573966132828967
19.5 3.573855024714632
20.0 3.573769311518647
20.5 3.573703190812884
21.0 3.573652186121214
21.5 3.573612843698343
22.0 3.573582498756427
